# facets of L(2,2,3) in CG coordinates: h0 + h.x >= 0 ; class
0 0 0 0 0 0 0 0 0 0 0 0 0 0 0 0 0 0 0 0 0 0 0 0 1 ; positivity
0 0 0 0 0 0 0 0 0 0 0 0 0 0 0 0 0 0 0 0 0 0 0 1 0 ; positivity
0 0 0 0 0 0 0 0 0 0 0 0 0 0 0 0 0 0 0 0 0 0 1 0 0 ; positivity
0 0 0 0 0 0 0 0 0 0 0 0 0 0 0 0 0 0 0 0 0 1 0 0 0 ; positivity
0 0 0 0 0 0 0 0 0 0 0 0 0 0 0 0 0 0 0 0 1 0 0 0 0 ; positivity
0 0 0 0 0 0 0 0 0 0 0 0 0 0 0 0 0 0 0 1 0 0 0 0 0 ; positivity
0 0 0 0 0 0 0 0 0 0 0 0 0 0 0 0 0 0 1 0 0 0 0 0 0 ; positivity
0 0 0 0 0 0 0 0 0 0 0 0 0 0 0 0 0 1 0 0 0 0 0 0 0 ; positivity
0 0 0 0 0 0 0 0 0 0 0 0 0 0 0 0 1 0 0 0 0 0 0 0 0 ; positivity
0 0 0 0 0 0 0 0 0 0 0 0 0 0 0 1 0 0 0 0 0 0 0 0 0 ; positivity
0 0 0 0 0 0 0 0 0 0 0 0 0 0 1 0 0 0 0 0 0 0 0 0 0 ; positivity
0 0 0 0 0 0 0 0 0 0 0 0 0 1 0 0 0 0 0 0 0 0 0 0 0 ; positivity
0 0 0 0 0 0 0 0 0 0 0 0 1 0 0 0 0 0 0 0 0 0 0 0 0 ; positivity
0 0 0 0 0 0 0 0 0 0 0 1 0 0 0 0 0 0 0 0 0 0 0 0 0 ; positivity
0 0 0 0 0 0 0 0 0 0 1 0 0 0 0 0 0 0 0 0 0 0 0 0 0 ; positivity
0 0 0 0 0 0 0 0 0 1 0 0 0 0 0 0 0 0 0 0 0 0 0 0 0 ; positivity
0 0 0 0 0 0 0 0 1 0 0 0 0 0 -1 0 -1 0 0 0 0 0 0 0 0 ; positivity
0 0 0 0 0 0 0 0 1 0 0 0 0 0 0 0 0 0 0 0 0 0 -1 0 -1 ; positivity
0 0 0 0 0 0 0 1 0 0 0 0 0 -1 0 -1 0 0 0 0 0 0 0 0 0 ; positivity
0 0 0 0 0 0 0 1 0 0 0 0 0 0 0 0 0 0 0 0 0 -1 0 -1 0 ; positivity
0 0 0 0 0 0 1 0 0 0 -1 0 -1 0 0 0 0 0 0 0 0 0 0 0 0 ; positivity
0 0 0 0 0 0 1 0 0 0 0 0 0 0 0 0 0 0 -1 0 -1 0 0 0 0 ; positivity
0 0 0 0 0 1 0 0 0 -1 0 -1 0 0 0 0 0 0 0 0 0 0 0 0 0 ; positivity
0 0 0 0 0 1 0 0 0 0 0 0 0 0 0 0 0 -1 0 -1 0 0 0 0 0 ; positivity
0 0 0 0 1 0 0 0 0 0 0 0 0 0 0 0 0 0 0 -1 -1 0 0 0 0 ; positivity
0 0 0 0 1 0 0 0 0 0 0 0 0 0 0 0 0 0 0 0 0 0 0 -1 -1 ; positivity
0 0 0 0 1 0 0 0 1 0 0 0 1 0 0 0 -1 0 0 0 -1 0 0 0 -1 ; CHSH
0 0 0 0 1 0 0 0 1 0 0 1 0 0 0 0 -1 0 0 -1 0 0 0 0 -1 ; CHSH
0 0 0 0 1 0 0 0 1 0 0 1 1 0 0 0 -1 0 0 -1 -1 0 0 0 -1 ; CHSH
0 0 0 0 1 0 0 0 1 0 1 0 0 0 -1 0 0 0 0 0 -1 0 0 0 -1 ; CHSH
0 0 0 0 1 0 0 0 1 0 1 0 1 0 -1 0 -1 0 0 0 -1 0 0 0 -1 ; CHSH
0 0 0 0 1 0 0 0 1 1 0 0 0 0 -1 0 0 0 0 -1 0 0 0 0 -1 ; CHSH
0 0 0 0 1 0 0 0 1 1 0 1 0 0 -1 0 -1 0 0 -1 0 0 0 0 -1 ; CHSH
0 0 0 0 1 0 0 0 1 1 1 0 0 0 -1 0 0 0 0 -1 -1 0 0 0 -1 ; CHSH
0 0 0 0 1 0 0 0 1 1 1 1 1 0 -1 0 -1 0 0 -1 -1 0 0 0 -1 ; CHSH
0 0 0 0 1 0 0 1 0 0 0 0 1 0 0 -1 0 0 0 0 -1 0 0 -1 0 ; CHSH
0 0 0 0 1 0 0 1 0 0 0 1 0 0 0 -1 0 0 0 -1 0 0 0 -1 0 ; CHSH
0 0 0 0 1 0 0 1 0 0 0 1 1 0 0 -1 0 0 0 -1 -1 0 0 -1 0 ; CHSH
0 0 0 0 1 0 0 1 0 0 1 0 0 -1 0 0 0 0 0 0 -1 0 0 -1 0 ; CHSH
0 0 0 0 1 0 0 1 0 0 1 0 1 -1 0 -1 0 0 0 0 -1 0 0 -1 0 ; CHSH
0 0 0 0 1 0 0 1 0 1 0 0 0 -1 0 0 0 0 0 -1 0 0 0 -1 0 ; CHSH
0 0 0 0 1 0 0 1 0 1 0 1 0 -1 0 -1 0 0 0 -1 0 0 0 -1 0 ; CHSH
0 0 0 0 1 0 0 1 0 1 1 0 0 -1 0 0 0 0 0 -1 -1 0 0 -1 0 ; CHSH
0 0 0 0 1 0 0 1 0 1 1 1 1 -1 0 -1 0 0 0 -1 -1 0 0 -1 0 ; CHSH
0 0 0 0 1 0 0 1 1 0 0 0 1 0 0 -1 -1 0 0 0 -1 0 0 -1 -1 ; CHSH
0 0 0 0 1 0 0 1 1 0 0 1 0 0 0 -1 -1 0 0 -1 0 0 0 -1 -1 ; CHSH
0 0 0 0 1 0 0 1 1 0 0 1 1 0 0 -1 -1 0 0 -1 -1 0 0 -1 -1 ; CHSH
0 0 0 0 1 0 0 1 1 0 1 0 0 -1 -1 0 0 0 0 0 -1 0 0 -1 -1 ; CHSH
0 0 0 0 1 0 0 1 1 0 1 0 1 -1 -1 -1 -1 0 0 0 -1 0 0 -1 -1 ; CHSH
0 0 0 0 1 0 0 1 1 1 0 0 0 -1 -1 0 0 0 0 -1 0 0 0 -1 -1 ; CHSH
0 0 0 0 1 0 0 1 1 1 0 1 0 -1 -1 -1 -1 0 0 -1 0 0 0 -1 -1 ; CHSH
0 0 0 0 1 0 0 1 1 1 1 0 0 -1 -1 0 0 0 0 -1 -1 0 0 -1 -1 ; CHSH
0 0 0 0 1 0 0 1 1 1 1 1 1 -1 -1 -1 -1 0 0 -1 -1 0 0 -1 -1 ; CHSH
0 0 0 0 1 0 1 0 0 0 -1 0 -1 0 1 0 1 0 0 0 -1 0 0 0 -1 ; CHSH
0 0 0 0 1 0 1 0 0 0 -1 0 -1 1 0 1 0 0 0 0 -1 0 0 -1 0 ; CHSH
0 0 0 0 1 0 1 0 0 0 -1 0 -1 1 1 1 1 0 0 0 -1 0 0 -1 -1 ; CHSH
0 0 0 0 1 0 1 0 0 0 -1 0 0 0 1 0 0 0 0 0 -1 0 0 0 -1 ; CHSH
0 0 0 0 1 0 1 0 0 0 -1 0 0 1 0 0 0 0 0 0 -1 0 0 -1 0 ; CHSH
0 0 0 0 1 0 1 0 0 0 -1 0 0 1 1 0 0 0 0 0 -1 0 0 -1 -1 ; CHSH
0 0 0 0 1 0 1 0 0 0 0 0 -1 0 0 0 1 0 0 0 -1 0 0 0 -1 ; CHSH
0 0 0 0 1 0 1 0 0 0 0 0 -1 0 0 1 0 0 0 0 -1 0 0 -1 0 ; CHSH
0 0 0 0 1 0 1 0 0 0 0 0 -1 0 0 1 1 0 0 0 -1 0 0 -1 -1 ; CHSH
0 0 0 0 1 1 0 0 0 -1 0 -1 0 0 1 0 1 0 0 -1 0 0 0 0 -1 ; CHSH
0 0 0 0 1 1 0 0 0 -1 0 -1 0 1 0 1 0 0 0 -1 0 0 0 -1 0 ; CHSH
0 0 0 0 1 1 0 0 0 -1 0 -1 0 1 1 1 1 0 0 -1 0 0 0 -1 -1 ; CHSH
0 0 0 0 1 1 0 0 0 -1 0 0 0 0 1 0 0 0 0 -1 0 0 0 0 -1 ; CHSH
0 0 0 0 1 1 0 0 0 -1 0 0 0 1 0 0 0 0 0 -1 0 0 0 -1 0 ; CHSH
0 0 0 0 1 1 0 0 0 -1 0 0 0 1 1 0 0 0 0 -1 0 0 0 -1 -1 ; CHSH
0 0 0 0 1 1 0 0 0 0 0 -1 0 0 0 0 1 0 0 -1 0 0 0 0 -1 ; CHSH
0 0 0 0 1 1 0 0 0 0 0 -1 0 0 0 1 0 0 0 -1 0 0 0 -1 0 ; CHSH
0 0 0 0 1 1 0 0 0 0 0 -1 0 0 0 1 1 0 0 -1 0 0 0 -1 -1 ; CHSH
0 0 0 0 1 1 1 0 0 -1 -1 -1 -1 0 1 0 1 0 0 -1 -1 0 0 0 -1 ; CHSH
0 0 0 0 1 1 1 0 0 -1 -1 -1 -1 1 0 1 0 0 0 -1 -1 0 0 -1 0 ; CHSH
0 0 0 0 1 1 1 0 0 -1 -1 -1 -1 1 1 1 1 0 0 -1 -1 0 0 -1 -1 ; CHSH
0 0 0 0 1 1 1 0 0 -1 -1 0 0 0 1 0 0 0 0 -1 -1 0 0 0 -1 ; CHSH
0 0 0 0 1 1 1 0 0 -1 -1 0 0 1 0 0 0 0 0 -1 -1 0 0 -1 0 ; CHSH
0 0 0 0 1 1 1 0 0 -1 -1 0 0 1 1 0 0 0 0 -1 -1 0 0 -1 -1 ; CHSH
0 0 0 0 1 1 1 0 0 0 0 -1 -1 0 0 0 1 0 0 -1 -1 0 0 0 -1 ; CHSH
0 0 0 0 1 1 1 0 0 0 0 -1 -1 0 0 1 0 0 0 -1 -1 0 0 -1 0 ; CHSH
0 0 0 0 1 1 1 0 0 0 0 -1 -1 0 0 1 1 0 0 -1 -1 0 0 -1 -1 ; CHSH
0 0 0 1 0 0 0 0 0 0 0 0 0 0 0 0 0 -1 -1 0 0 0 0 0 0 ; positivity
0 0 0 1 0 0 0 0 0 0 0 0 0 0 0 0 0 0 0 0 0 -1 -1 0 0 ; positivity
0 0 0 1 0 0 0 0 1 0 0 0 1 0 0 0 -1 0 -1 0 0 0 -1 0 0 ; CHSH
0 0 0 1 0 0 0 0 1 0 0 1 0 0 0 0 -1 -1 0 0 0 0 -1 0 0 ; CHSH
0 0 0 1 0 0 0 0 1 0 0 1 1 0 0 0 -1 -1 -1 0 0 0 -1 0 0 ; CHSH
0 0 0 1 0 0 0 0 1 0 1 0 0 0 -1 0 0 0 -1 0 0 0 -1 0 0 ; CHSH
0 0 0 1 0 0 0 0 1 0 1 0 1 0 -1 0 -1 0 -1 0 0 0 -1 0 0 ; CHSH
0 0 0 1 0 0 0 0 1 1 0 0 0 0 -1 0 0 -1 0 0 0 0 -1 0 0 ; CHSH
0 0 0 1 0 0 0 0 1 1 0 1 0 0 -1 0 -1 -1 0 0 0 0 -1 0 0 ; CHSH
0 0 0 1 0 0 0 0 1 1 1 0 0 0 -1 0 0 -1 -1 0 0 0 -1 0 0 ; CHSH
0 0 0 1 0 0 0 0 1 1 1 1 1 0 -1 0 -1 -1 -1 0 0 0 -1 0 0 ; CHSH
0 0 0 1 0 0 0 1 0 0 0 0 1 0 0 -1 0 0 -1 0 0 -1 0 0 0 ; CHSH
0 0 0 1 0 0 0 1 0 0 0 1 0 0 0 -1 0 -1 0 0 0 -1 0 0 0 ; CHSH
0 0 0 1 0 0 0 1 0 0 0 1 1 0 0 -1 0 -1 -1 0 0 -1 0 0 0 ; CHSH
0 0 0 1 0 0 0 1 0 0 1 0 0 -1 0 0 0 0 -1 0 0 -1 0 0 0 ; CHSH
0 0 0 1 0 0 0 1 0 0 1 0 1 -1 0 -1 0 0 -1 0 0 -1 0 0 0 ; CHSH
0 0 0 1 0 0 0 1 0 1 0 0 0 -1 0 0 0 -1 0 0 0 -1 0 0 0 ; CHSH
0 0 0 1 0 0 0 1 0 1 0 1 0 -1 0 -1 0 -1 0 0 0 -1 0 0 0 ; CHSH
0 0 0 1 0 0 0 1 0 1 1 0 0 -1 0 0 0 -1 -1 0 0 -1 0 0 0 ; CHSH
0 0 0 1 0 0 0 1 0 1 1 1 1 -1 0 -1 0 -1 -1 0 0 -1 0 0 0 ; CHSH
0 0 0 1 0 0 0 1 1 0 0 0 1 0 0 -1 -1 0 -1 0 0 -1 -1 0 0 ; CHSH
0 0 0 1 0 0 0 1 1 0 0 1 0 0 0 -1 -1 -1 0 0 0 -1 -1 0 0 ; CHSH
0 0 0 1 0 0 0 1 1 0 0 1 1 0 0 -1 -1 -1 -1 0 0 -1 -1 0 0 ; CHSH
0 0 0 1 0 0 0 1 1 0 1 0 0 -1 -1 0 0 0 -1 0 0 -1 -1 0 0 ; CHSH
0 0 0 1 0 0 0 1 1 0 1 0 1 -1 -1 -1 -1 0 -1 0 0 -1 -1 0 0 ; CHSH
0 0 0 1 0 0 0 1 1 1 0 0 0 -1 -1 0 0 -1 0 0 0 -1 -1 0 0 ; CHSH
0 0 0 1 0 0 0 1 1 1 0 1 0 -1 -1 -1 -1 -1 0 0 0 -1 -1 0 0 ; CHSH
0 0 0 1 0 0 0 1 1 1 1 0 0 -1 -1 0 0 -1 -1 0 0 -1 -1 0 0 ; CHSH
0 0 0 1 0 0 0 1 1 1 1 1 1 -1 -1 -1 -1 -1 -1 0 0 -1 -1 0 0 ; CHSH
0 0 0 1 0 0 1 0 0 0 -1 0 -1 0 1 0 1 0 -1 0 0 0 -1 0 0 ; CHSH
0 0 0 1 0 0 1 0 0 0 -1 0 -1 1 0 1 0 0 -1 0 0 -1 0 0 0 ; CHSH
0 0 0 1 0 0 1 0 0 0 -1 0 -1 1 1 1 1 0 -1 0 0 -1 -1 0 0 ; CHSH
0 0 0 1 0 0 1 0 0 0 -1 0 0 0 1 0 0 0 -1 0 0 0 -1 0 0 ; CHSH
0 0 0 1 0 0 1 0 0 0 -1 0 0 1 0 0 0 0 -1 0 0 -1 0 0 0 ; CHSH
0 0 0 1 0 0 1 0 0 0 -1 0 0 1 1 0 0 0 -1 0 0 -1 -1 0 0 ; CHSH
0 0 0 1 0 0 1 0 0 0 0 0 -1 0 0 0 1 0 -1 0 0 0 -1 0 0 ; CHSH
0 0 0 1 0 0 1 0 0 0 0 0 -1 0 0 1 0 0 -1 0 0 -1 0 0 0 ; CHSH
0 0 0 1 0 0 1 0 0 0 0 0 -1 0 0 1 1 0 -1 0 0 -1 -1 0 0 ; CHSH
0 0 0 1 0 1 0 0 0 -1 0 -1 0 0 1 0 1 -1 0 0 0 0 -1 0 0 ; CHSH
0 0 0 1 0 1 0 0 0 -1 0 -1 0 1 0 1 0 -1 0 0 0 -1 0 0 0 ; CHSH
0 0 0 1 0 1 0 0 0 -1 0 -1 0 1 1 1 1 -1 0 0 0 -1 -1 0 0 ; CHSH
0 0 0 1 0 1 0 0 0 -1 0 0 0 0 1 0 0 -1 0 0 0 0 -1 0 0 ; CHSH
0 0 0 1 0 1 0 0 0 -1 0 0 0 1 0 0 0 -1 0 0 0 -1 0 0 0 ; CHSH
0 0 0 1 0 1 0 0 0 -1 0 0 0 1 1 0 0 -1 0 0 0 -1 -1 0 0 ; CHSH
0 0 0 1 0 1 0 0 0 0 0 -1 0 0 0 0 1 -1 0 0 0 0 -1 0 0 ; CHSH
0 0 0 1 0 1 0 0 0 0 0 -1 0 0 0 1 0 -1 0 0 0 -1 0 0 0 ; CHSH
0 0 0 1 0 1 0 0 0 0 0 -1 0 0 0 1 1 -1 0 0 0 -1 -1 0 0 ; CHSH
0 0 0 1 0 1 1 0 0 -1 -1 -1 -1 0 1 0 1 -1 -1 0 0 0 -1 0 0 ; CHSH
0 0 0 1 0 1 1 0 0 -1 -1 -1 -1 1 0 1 0 -1 -1 0 0 -1 0 0 0 ; CHSH
0 0 0 1 0 1 1 0 0 -1 -1 -1 -1 1 1 1 1 -1 -1 0 0 -1 -1 0 0 ; CHSH
0 0 0 1 0 1 1 0 0 -1 -1 0 0 0 1 0 0 -1 -1 0 0 0 -1 0 0 ; CHSH
0 0 0 1 0 1 1 0 0 -1 -1 0 0 1 0 0 0 -1 -1 0 0 -1 0 0 0 ; CHSH
0 0 0 1 0 1 1 0 0 -1 -1 0 0 1 1 0 0 -1 -1 0 0 -1 -1 0 0 ; CHSH
0 0 0 1 0 1 1 0 0 0 0 -1 -1 0 0 0 1 -1 -1 0 0 0 -1 0 0 ; CHSH
0 0 0 1 0 1 1 0 0 0 0 -1 -1 0 0 1 0 -1 -1 0 0 -1 0 0 0 ; CHSH
0 0 0 1 0 1 1 0 0 0 0 -1 -1 0 0 1 1 -1 -1 0 0 -1 -1 0 0 ; CHSH
0 0 0 1 1 0 0 0 1 0 0 0 1 0 0 0 -1 0 -1 0 -1 0 -1 0 -1 ; CHSH
0 0 0 1 1 0 0 0 1 0 0 1 0 0 0 0 -1 -1 0 -1 0 0 -1 0 -1 ; CHSH
0 0 0 1 1 0 0 0 1 0 0 1 1 0 0 0 -1 -1 -1 -1 -1 0 -1 0 -1 ; CHSH
0 0 0 1 1 0 0 0 1 0 1 0 0 0 -1 0 0 0 -1 0 -1 0 -1 0 -1 ; CHSH
0 0 0 1 1 0 0 0 1 0 1 0 1 0 -1 0 -1 0 -1 0 -1 0 -1 0 -1 ; CHSH
0 0 0 1 1 0 0 0 1 1 0 0 0 0 -1 0 0 -1 0 -1 0 0 -1 0 -1 ; CHSH
0 0 0 1 1 0 0 0 1 1 0 1 0 0 -1 0 -1 -1 0 -1 0 0 -1 0 -1 ; CHSH
0 0 0 1 1 0 0 0 1 1 1 0 0 0 -1 0 0 -1 -1 -1 -1 0 -1 0 -1 ; CHSH
0 0 0 1 1 0 0 0 1 1 1 1 1 0 -1 0 -1 -1 -1 -1 -1 0 -1 0 -1 ; CHSH
0 0 0 1 1 0 0 1 0 0 0 0 1 0 0 -1 0 0 -1 0 -1 -1 0 -1 0 ; CHSH
0 0 0 1 1 0 0 1 0 0 0 1 0 0 0 -1 0 -1 0 -1 0 -1 0 -1 0 ; CHSH
0 0 0 1 1 0 0 1 0 0 0 1 1 0 0 -1 0 -1 -1 -1 -1 -1 0 -1 0 ; CHSH
0 0 0 1 1 0 0 1 0 0 1 0 0 -1 0 0 0 0 -1 0 -1 -1 0 -1 0 ; CHSH
0 0 0 1 1 0 0 1 0 0 1 0 1 -1 0 -1 0 0 -1 0 -1 -1 0 -1 0 ; CHSH
0 0 0 1 1 0 0 1 0 1 0 0 0 -1 0 0 0 -1 0 -1 0 -1 0 -1 0 ; CHSH
0 0 0 1 1 0 0 1 0 1 0 1 0 -1 0 -1 0 -1 0 -1 0 -1 0 -1 0 ; CHSH
0 0 0 1 1 0 0 1 0 1 1 0 0 -1 0 0 0 -1 -1 -1 -1 -1 0 -1 0 ; CHSH
0 0 0 1 1 0 0 1 0 1 1 1 1 -1 0 -1 0 -1 -1 -1 -1 -1 0 -1 0 ; CHSH
0 0 0 1 1 0 0 1 1 0 0 0 1 0 0 -1 -1 0 -1 0 -1 -1 -1 -1 -1 ; CHSH
0 0 0 1 1 0 0 1 1 0 0 1 0 0 0 -1 -1 -1 0 -1 0 -1 -1 -1 -1 ; CHSH
0 0 0 1 1 0 0 1 1 0 0 1 1 0 0 -1 -1 -1 -1 -1 -1 -1 -1 -1 -1 ; CHSH
0 0 0 1 1 0 0 1 1 0 1 0 0 -1 -1 0 0 0 -1 0 -1 -1 -1 -1 -1 ; CHSH
0 0 0 1 1 0 0 1 1 0 1 0 1 -1 -1 -1 -1 0 -1 0 -1 -1 -1 -1 -1 ; CHSH
0 0 0 1 1 0 0 1 1 0 1 1 1 -1 0 -1 -1 -1 -1 0 -1 0 -1 -1 -1 ; CGLMP
0 0 0 1 1 0 0 1 1 0 1 1 1 -1 0 -1 -1 0 -1 -1 -1 -1 -1 0 -1 ; CGLMP
0 0 0 1 1 0 0 1 1 0 1 1 1 0 -1 -1 -1 -1 -1 0 -1 -1 0 -1 -1 ; CGLMP
0 0 0 1 1 0 0 1 1 0 1 1 1 0 -1 -1 -1 0 -1 -1 -1 -1 -1 -1 0 ; CGLMP
0 0 0 1 1 0 0 1 1 1 0 0 0 -1 -1 0 0 -1 0 -1 0 -1 -1 -1 -1 ; CHSH
0 0 0 1 1 0 0 1 1 1 0 1 0 -1 -1 -1 -1 -1 0 -1 0 -1 -1 -1 -1 ; CHSH
0 0 0 1 1 0 0 1 1 1 0 1 1 -1 0 -1 -1 -1 -1 -1 0 0 -1 -1 -1 ; CGLMP
0 0 0 1 1 0 0 1 1 1 0 1 1 -1 0 -1 -1 -1 0 -1 -1 -1 -1 0 -1 ; CGLMP
0 0 0 1 1 0 0 1 1 1 0 1 1 0 -1 -1 -1 -1 -1 -1 0 -1 0 -1 -1 ; CGLMP
0 0 0 1 1 0 0 1 1 1 0 1 1 0 -1 -1 -1 -1 0 -1 -1 -1 -1 -1 0 ; CGLMP
0 0 0 1 1 0 0 1 1 1 1 0 0 -1 -1 0 0 -1 -1 -1 -1 -1 -1 -1 -1 ; CHSH
0 0 0 1 1 0 0 1 1 1 1 0 1 -1 -1 -1 0 -1 -1 0 -1 0 -1 -1 -1 ; CGLMP
0 0 0 1 1 0 0 1 1 1 1 0 1 -1 -1 -1 0 0 -1 -1 -1 -1 -1 0 -1 ; CGLMP
0 0 0 1 1 0 0 1 1 1 1 0 1 -1 -1 0 -1 -1 -1 0 -1 -1 0 -1 -1 ; CGLMP
0 0 0 1 1 0 0 1 1 1 1 0 1 -1 -1 0 -1 0 -1 -1 -1 -1 -1 -1 0 ; CGLMP
0 0 0 1 1 0 0 1 1 1 1 1 0 -1 -1 -1 0 -1 -1 -1 0 0 -1 -1 -1 ; CGLMP
0 0 0 1 1 0 0 1 1 1 1 1 0 -1 -1 -1 0 -1 0 -1 -1 -1 -1 0 -1 ; CGLMP
0 0 0 1 1 0 0 1 1 1 1 1 0 -1 -1 0 -1 -1 -1 -1 0 -1 0 -1 -1 ; CGLMP
0 0 0 1 1 0 0 1 1 1 1 1 0 -1 -1 0 -1 -1 0 -1 -1 -1 -1 -1 0 ; CGLMP
0 0 0 1 1 0 0 1 1 1 1 1 1 -1 -1 -1 -1 -1 -1 -1 -1 -1 -1 -1 -1 ; CHSH
0 0 0 1 1 0 1 0 0 0 -1 0 -1 0 1 0 1 0 -1 0 -1 0 -1 0 -1 ; CHSH
0 0 0 1 1 0 1 0 0 0 -1 0 -1 1 0 1 0 0 -1 0 -1 -1 0 -1 0 ; CHSH
0 0 0 1 1 0 1 0 0 0 -1 0 -1 1 1 1 1 0 -1 0 -1 -1 -1 -1 -1 ; CHSH
0 0 0 1 1 0 1 0 0 0 -1 0 0 0 1 0 0 0 -1 0 -1 0 -1 0 -1 ; CHSH
0 0 0 1 1 0 1 0 0 0 -1 0 0 1 0 0 0 0 -1 0 -1 -1 0 -1 0 ; CHSH
0 0 0 1 1 0 1 0 0 0 -1 0 0 1 1 0 0 0 -1 0 -1 -1 -1 -1 -1 ; CHSH
0 0 0 1 1 0 1 0 0 0 0 0 -1 0 0 0 1 0 -1 0 -1 0 -1 0 -1 ; CHSH
0 0 0 1 1 0 1 0 0 0 0 0 -1 0 0 1 0 0 -1 0 -1 -1 0 -1 0 ; CHSH
0 0 0 1 1 0 1 0 0 0 0 0 -1 0 0 1 1 0 -1 0 -1 -1 -1 -1 -1 ; CHSH
0 0 0 1 1 0 1 0 1 0 -1 1 0 1 0 0 -1 -1 -1 0 -1 0 -1 -1 -1 ; CGLMP
0 0 0 1 1 0 1 0 1 0 -1 1 0 1 0 0 -1 0 -1 -1 -1 -1 -1 0 -1 ; CGLMP
0 0 0 1 1 0 1 0 1 1 0 0 -1 0 -1 1 0 -1 -1 0 -1 0 -1 -1 -1 ; CGLMP
0 0 0 1 1 0 1 0 1 1 0 0 -1 0 -1 1 0 0 -1 -1 -1 -1 -1 0 -1 ; CGLMP
0 0 0 1 1 0 1 1 0 0 -1 1 0 0 1 -1 0 -1 -1 0 -1 -1 0 -1 -1 ; CGLMP
0 0 0 1 1 0 1 1 0 0 -1 1 0 0 1 -1 0 0 -1 -1 -1 -1 -1 -1 0 ; CGLMP
0 0 0 1 1 0 1 1 0 1 0 0 -1 -1 0 0 1 -1 -1 0 -1 -1 0 -1 -1 ; CGLMP
0 0 0 1 1 0 1 1 0 1 0 0 -1 -1 0 0 1 0 -1 -1 -1 -1 -1 -1 0 ; CGLMP
0 0 0 1 1 1 0 0 0 -1 0 -1 0 0 1 0 1 -1 0 -1 0 0 -1 0 -1 ; CHSH
0 0 0 1 1 1 0 0 0 -1 0 -1 0 1 0 1 0 -1 0 -1 0 -1 0 -1 0 ; CHSH
0 0 0 1 1 1 0 0 0 -1 0 -1 0 1 1 1 1 -1 0 -1 0 -1 -1 -1 -1 ; CHSH
0 0 0 1 1 1 0 0 0 -1 0 0 0 0 1 0 0 -1 0 -1 0 0 -1 0 -1 ; CHSH
0 0 0 1 1 1 0 0 0 -1 0 0 0 1 0 0 0 -1 0 -1 0 -1 0 -1 0 ; CHSH
0 0 0 1 1 1 0 0 0 -1 0 0 0 1 1 0 0 -1 0 -1 0 -1 -1 -1 -1 ; CHSH
0 0 0 1 1 1 0 0 0 0 0 -1 0 0 0 0 1 -1 0 -1 0 0 -1 0 -1 ; CHSH
0 0 0 1 1 1 0 0 0 0 0 -1 0 0 0 1 0 -1 0 -1 0 -1 0 -1 0 ; CHSH
0 0 0 1 1 1 0 0 0 0 0 -1 0 0 0 1 1 -1 0 -1 0 -1 -1 -1 -1 ; CHSH
0 0 0 1 1 1 0 0 1 -1 0 0 1 1 0 0 -1 -1 -1 -1 0 0 -1 -1 -1 ; CGLMP
0 0 0 1 1 1 0 0 1 -1 0 0 1 1 0 0 -1 -1 0 -1 -1 -1 -1 0 -1 ; CGLMP
0 0 0 1 1 1 0 0 1 0 1 -1 0 0 -1 1 0 -1 -1 -1 0 0 -1 -1 -1 ; CGLMP
0 0 0 1 1 1 0 0 1 0 1 -1 0 0 -1 1 0 -1 0 -1 -1 -1 -1 0 -1 ; CGLMP
0 0 0 1 1 1 0 1 0 -1 0 0 1 0 1 -1 0 -1 -1 -1 0 -1 0 -1 -1 ; CGLMP
0 0 0 1 1 1 0 1 0 -1 0 0 1 0 1 -1 0 -1 0 -1 -1 -1 -1 -1 0 ; CGLMP
0 0 0 1 1 1 0 1 0 0 1 -1 0 -1 0 0 1 -1 -1 -1 0 -1 0 -1 -1 ; CGLMP
0 0 0 1 1 1 0 1 0 0 1 -1 0 -1 0 0 1 -1 0 -1 -1 -1 -1 -1 0 ; CGLMP
0 0 0 1 1 1 1 0 0 -1 -1 -1 -1 0 1 0 1 -1 -1 -1 -1 0 -1 0 -1 ; CHSH
0 0 0 1 1 1 1 0 0 -1 -1 -1 -1 1 0 1 0 -1 -1 -1 -1 -1 0 -1 0 ; CHSH
0 0 0 1 1 1 1 0 0 -1 -1 -1 -1 1 1 1 1 -1 -1 -1 -1 -1 -1 -1 -1 ; CHSH
0 0 0 1 1 1 1 0 0 -1 -1 -1 0 1 1 0 1 -1 -1 0 -1 0 -1 -1 -1 ; CGLMP
0 0 0 1 1 1 1 0 0 -1 -1 -1 0 1 1 0 1 0 -1 -1 -1 -1 -1 0 -1 ; CGLMP
0 0 0 1 1 1 1 0 0 -1 -1 -1 0 1 1 1 0 -1 -1 0 -1 -1 0 -1 -1 ; CGLMP
0 0 0 1 1 1 1 0 0 -1 -1 -1 0 1 1 1 0 0 -1 -1 -1 -1 -1 -1 0 ; CGLMP
0 0 0 1 1 1 1 0 0 -1 -1 0 -1 1 1 0 1 -1 -1 -1 0 0 -1 -1 -1 ; CGLMP
0 0 0 1 1 1 1 0 0 -1 -1 0 -1 1 1 0 1 -1 0 -1 -1 -1 -1 0 -1 ; CGLMP
0 0 0 1 1 1 1 0 0 -1 -1 0 -1 1 1 1 0 -1 -1 -1 0 -1 0 -1 -1 ; CGLMP
0 0 0 1 1 1 1 0 0 -1 -1 0 -1 1 1 1 0 -1 0 -1 -1 -1 -1 -1 0 ; CGLMP
0 0 0 1 1 1 1 0 0 -1 -1 0 0 0 1 0 0 -1 -1 -1 -1 0 -1 0 -1 ; CHSH
0 0 0 1 1 1 1 0 0 -1 -1 0 0 1 0 0 0 -1 -1 -1 -1 -1 0 -1 0 ; CHSH
0 0 0 1 1 1 1 0 0 -1 -1 0 0 1 1 0 0 -1 -1 -1 -1 -1 -1 -1 -1 ; CHSH
0 0 0 1 1 1 1 0 0 -1 0 -1 -1 0 1 1 1 -1 -1 0 -1 0 -1 -1 -1 ; CGLMP
0 0 0 1 1 1 1 0 0 -1 0 -1 -1 0 1 1 1 0 -1 -1 -1 -1 -1 0 -1 ; CGLMP
0 0 0 1 1 1 1 0 0 -1 0 -1 -1 1 0 1 1 -1 -1 0 -1 -1 0 -1 -1 ; CGLMP
0 0 0 1 1 1 1 0 0 -1 0 -1 -1 1 0 1 1 0 -1 -1 -1 -1 -1 -1 0 ; CGLMP
0 0 0 1 1 1 1 0 0 0 -1 -1 -1 0 1 1 1 -1 -1 -1 0 0 -1 -1 -1 ; CGLMP
0 0 0 1 1 1 1 0 0 0 -1 -1 -1 0 1 1 1 -1 0 -1 -1 -1 -1 0 -1 ; CGLMP
0 0 0 1 1 1 1 0 0 0 -1 -1 -1 1 0 1 1 -1 -1 -1 0 -1 0 -1 -1 ; CGLMP
0 0 0 1 1 1 1 0 0 0 -1 -1 -1 1 0 1 1 -1 0 -1 -1 -1 -1 -1 0 ; CGLMP
0 0 0 1 1 1 1 0 0 0 0 -1 -1 0 0 0 1 -1 -1 -1 -1 0 -1 0 -1 ; CHSH
0 0 0 1 1 1 1 0 0 0 0 -1 -1 0 0 1 0 -1 -1 -1 -1 -1 0 -1 0 ; CHSH
0 0 0 1 1 1 1 0 0 0 0 -1 -1 0 0 1 1 -1 -1 -1 -1 -1 -1 -1 -1 ; CHSH
0 0 1 0 0 0 0 0 0 0 0 -1 -1 0 0 0 0 0 0 0 0 0 0 0 0 ; positivity
0 0 1 0 0 0 0 0 0 0 0 0 0 0 0 -1 -1 0 0 0 0 0 0 0 0 ; positivity
0 0 1 0 0 0 0 0 1 0 0 -1 -1 0 0 0 -1 0 0 1 1 0 0 0 -1 ; CHSH
0 0 1 0 0 0 0 0 1 0 0 -1 -1 0 0 0 -1 1 1 0 0 0 -1 0 0 ; CHSH
0 0 1 0 0 0 0 0 1 0 0 -1 -1 0 0 0 -1 1 1 1 1 0 -1 0 -1 ; CHSH
0 0 1 0 0 0 0 0 1 0 0 -1 0 0 0 0 -1 0 0 1 0 0 0 0 -1 ; CHSH
0 0 1 0 0 0 0 0 1 0 0 -1 0 0 0 0 -1 1 0 0 0 0 -1 0 0 ; CHSH
0 0 1 0 0 0 0 0 1 0 0 -1 0 0 0 0 -1 1 0 1 0 0 -1 0 -1 ; CHSH
0 0 1 0 0 0 0 0 1 0 0 0 -1 0 0 0 -1 0 0 0 1 0 0 0 -1 ; CHSH
0 0 1 0 0 0 0 0 1 0 0 0 -1 0 0 0 -1 0 1 0 0 0 -1 0 0 ; CHSH
0 0 1 0 0 0 0 0 1 0 0 0 -1 0 0 0 -1 0 1 0 1 0 -1 0 -1 ; CHSH
0 0 1 0 0 0 0 1 0 0 0 -1 -1 0 0 -1 0 0 0 1 1 0 0 -1 0 ; CHSH
0 0 1 0 0 0 0 1 0 0 0 -1 -1 0 0 -1 0 1 1 0 0 -1 0 0 0 ; CHSH
0 0 1 0 0 0 0 1 0 0 0 -1 -1 0 0 -1 0 1 1 1 1 -1 0 -1 0 ; CHSH
0 0 1 0 0 0 0 1 0 0 0 -1 0 0 0 -1 0 0 0 1 0 0 0 -1 0 ; CHSH
0 0 1 0 0 0 0 1 0 0 0 -1 0 0 0 -1 0 1 0 0 0 -1 0 0 0 ; CHSH
0 0 1 0 0 0 0 1 0 0 0 -1 0 0 0 -1 0 1 0 1 0 -1 0 -1 0 ; CHSH
0 0 1 0 0 0 0 1 0 0 0 0 -1 0 0 -1 0 0 0 0 1 0 0 -1 0 ; CHSH
0 0 1 0 0 0 0 1 0 0 0 0 -1 0 0 -1 0 0 1 0 0 -1 0 0 0 ; CHSH
0 0 1 0 0 0 0 1 0 0 0 0 -1 0 0 -1 0 0 1 0 1 -1 0 -1 0 ; CHSH
0 0 1 0 0 0 0 1 1 0 0 -1 -1 0 0 -1 -1 0 0 1 1 0 0 -1 -1 ; CHSH
0 0 1 0 0 0 0 1 1 0 0 -1 -1 0 0 -1 -1 1 1 0 0 -1 -1 0 0 ; CHSH
0 0 1 0 0 0 0 1 1 0 0 -1 -1 0 0 -1 -1 1 1 1 1 -1 -1 -1 -1 ; CHSH
0 0 1 0 0 0 0 1 1 0 0 -1 0 0 0 -1 -1 0 0 1 0 0 0 -1 -1 ; CHSH
0 0 1 0 0 0 0 1 1 0 0 -1 0 0 0 -1 -1 1 0 0 0 -1 -1 0 0 ; CHSH
0 0 1 0 0 0 0 1 1 0 0 -1 0 0 0 -1 -1 1 0 1 0 -1 -1 -1 -1 ; CHSH
0 0 1 0 0 0 0 1 1 0 0 0 -1 0 0 -1 -1 0 0 0 1 0 0 -1 -1 ; CHSH
0 0 1 0 0 0 0 1 1 0 0 0 -1 0 0 -1 -1 0 1 0 0 -1 -1 0 0 ; CHSH
0 0 1 0 0 0 0 1 1 0 0 0 -1 0 0 -1 -1 0 1 0 1 -1 -1 -1 -1 ; CHSH
0 0 1 0 0 0 1 0 0 0 0 0 -1 0 0 -1 -1 0 -1 0 -1 1 1 1 1 ; CHSH
0 0 1 0 0 0 1 0 0 0 0 0 -1 0 0 -1 -1 0 -1 0 0 1 1 0 0 ; CHSH
0 0 1 0 0 0 1 0 0 0 0 0 -1 0 0 -1 -1 0 0 0 -1 0 0 1 1 ; CHSH
0 0 1 0 0 0 1 0 0 0 0 0 -1 0 0 -1 0 0 -1 0 -1 1 0 1 0 ; CHSH
0 0 1 0 0 0 1 0 0 0 0 0 -1 0 0 -1 0 0 -1 0 0 1 0 0 0 ; CHSH
0 0 1 0 0 0 1 0 0 0 0 0 -1 0 0 -1 0 0 0 0 -1 0 0 1 0 ; CHSH
0 0 1 0 0 0 1 0 0 0 0 0 -1 0 0 0 -1 0 -1 0 -1 0 1 0 1 ; CHSH
0 0 1 0 0 0 1 0 0 0 0 0 -1 0 0 0 -1 0 -1 0 0 0 1 0 0 ; CHSH
0 0 1 0 0 0 1 0 0 0 0 0 -1 0 0 0 -1 0 0 0 -1 0 0 0 1 ; CHSH
0 0 1 0 0 1 0 0 0 0 0 -1 0 0 0 -1 -1 -1 0 -1 0 1 1 1 1 ; CHSH
0 0 1 0 0 1 0 0 0 0 0 -1 0 0 0 -1 -1 -1 0 0 0 1 1 0 0 ; CHSH
0 0 1 0 0 1 0 0 0 0 0 -1 0 0 0 -1 -1 0 0 -1 0 0 0 1 1 ; CHSH
0 0 1 0 0 1 0 0 0 0 0 -1 0 0 0 -1 0 -1 0 -1 0 1 0 1 0 ; CHSH
0 0 1 0 0 1 0 0 0 0 0 -1 0 0 0 -1 0 -1 0 0 0 1 0 0 0 ; CHSH
0 0 1 0 0 1 0 0 0 0 0 -1 0 0 0 -1 0 0 0 -1 0 0 0 1 0 ; CHSH
0 0 1 0 0 1 0 0 0 0 0 -1 0 0 0 0 -1 -1 0 -1 0 0 1 0 1 ; CHSH
0 0 1 0 0 1 0 0 0 0 0 -1 0 0 0 0 -1 -1 0 0 0 0 1 0 0 ; CHSH
0 0 1 0 0 1 0 0 0 0 0 -1 0 0 0 0 -1 0 0 -1 0 0 0 0 1 ; CHSH
0 0 1 0 0 1 1 0 0 0 0 -1 -1 0 0 -1 -1 -1 -1 -1 -1 1 1 1 1 ; CHSH
0 0 1 0 0 1 1 0 0 0 0 -1 -1 0 0 -1 -1 -1 -1 0 0 1 1 0 0 ; CHSH
0 0 1 0 0 1 1 0 0 0 0 -1 -1 0 0 -1 -1 0 0 -1 -1 0 0 1 1 ; CHSH
0 0 1 0 0 1 1 0 0 0 0 -1 -1 0 0 -1 0 -1 -1 -1 -1 1 0 1 0 ; CHSH
0 0 1 0 0 1 1 0 0 0 0 -1 -1 0 0 -1 0 -1 -1 0 0 1 0 0 0 ; CHSH
0 0 1 0 0 1 1 0 0 0 0 -1 -1 0 0 -1 0 0 0 -1 -1 0 0 1 0 ; CHSH
0 0 1 0 0 1 1 0 0 0 0 -1 -1 0 0 0 -1 -1 -1 -1 -1 0 1 0 1 ; CHSH
0 0 1 0 0 1 1 0 0 0 0 -1 -1 0 0 0 -1 -1 -1 0 0 0 1 0 0 ; CHSH
0 0 1 0 0 1 1 0 0 0 0 -1 -1 0 0 0 -1 0 0 -1 -1 0 0 0 1 ; CHSH
0 0 1 0 1 0 0 1 1 0 1 -1 0 -1 0 -1 -1 1 0 0 -1 0 -1 -1 -1 ; CGLMP
0 0 1 0 1 0 0 1 1 0 1 -1 0 0 -1 -1 -1 1 0 0 -1 -1 0 -1 -1 ; CGLMP
0 0 1 0 1 0 0 1 1 1 0 0 -1 -1 0 -1 -1 0 1 -1 0 0 -1 -1 -1 ; CGLMP
0 0 1 0 1 0 0 1 1 1 0 0 -1 0 -1 -1 -1 0 1 -1 0 -1 0 -1 -1 ; CGLMP
0 0 1 0 1 0 1 0 1 0 -1 -1 -1 1 0 0 -1 1 0 0 -1 0 -1 -1 -1 ; CGLMP
0 0 1 0 1 0 1 0 1 1 0 0 -1 0 -1 -1 -1 0 -1 -1 -1 1 0 0 -1 ; CGLMP
0 0 1 0 1 0 1 1 0 0 -1 -1 -1 0 1 -1 0 1 0 0 -1 -1 0 -1 -1 ; CGLMP
0 0 1 0 1 0 1 1 0 1 0 0 -1 -1 0 -1 -1 0 -1 -1 -1 0 1 -1 0 ; CGLMP
0 0 1 0 1 1 0 0 1 -1 0 -1 -1 1 0 0 -1 0 1 -1 0 0 -1 -1 -1 ; CGLMP
0 0 1 0 1 1 0 0 1 0 1 -1 0 0 -1 -1 -1 -1 0 -1 -1 1 0 0 -1 ; CGLMP
0 0 1 0 1 1 0 1 0 -1 0 -1 -1 0 1 -1 0 0 1 -1 0 -1 0 -1 -1 ; CGLMP
0 0 1 0 1 1 0 1 0 0 1 -1 0 -1 0 -1 -1 -1 0 -1 -1 0 1 -1 0 ; CGLMP
0 0 1 0 1 1 1 0 0 -1 0 -1 -1 0 1 -1 0 0 -1 -1 -1 1 0 0 -1 ; CGLMP
0 0 1 0 1 1 1 0 0 -1 0 -1 -1 1 0 0 -1 0 -1 -1 -1 0 1 -1 0 ; CGLMP
0 0 1 0 1 1 1 0 0 0 -1 -1 -1 0 1 -1 0 -1 0 -1 -1 1 0 0 -1 ; CGLMP
0 0 1 0 1 1 1 0 0 0 -1 -1 -1 1 0 0 -1 -1 0 -1 -1 0 1 -1 0 ; CGLMP
0 0 1 1 0 0 0 1 1 0 1 -1 0 -1 0 -1 -1 0 -1 1 0 -1 -1 0 -1 ; CGLMP
0 0 1 1 0 0 0 1 1 0 1 -1 0 0 -1 -1 -1 0 -1 1 0 -1 -1 -1 0 ; CGLMP
0 0 1 1 0 0 0 1 1 1 0 0 -1 -1 0 -1 -1 -1 0 0 1 -1 -1 0 -1 ; CGLMP
0 0 1 1 0 0 0 1 1 1 0 0 -1 0 -1 -1 -1 -1 0 0 1 -1 -1 -1 0 ; CGLMP
0 0 1 1 0 0 1 0 1 0 -1 -1 -1 1 0 0 -1 0 -1 1 0 -1 -1 0 -1 ; CGLMP
0 0 1 1 0 0 1 0 1 1 0 0 -1 0 -1 -1 -1 -1 -1 0 -1 0 -1 1 0 ; CGLMP
0 0 1 1 0 0 1 1 0 0 -1 -1 -1 0 1 -1 0 0 -1 1 0 -1 -1 -1 0 ; CGLMP
0 0 1 1 0 0 1 1 0 1 0 0 -1 -1 0 -1 -1 -1 -1 0 -1 -1 0 0 1 ; CGLMP
0 0 1 1 0 1 0 0 1 -1 0 -1 -1 1 0 0 -1 -1 0 0 1 -1 -1 0 -1 ; CGLMP
0 0 1 1 0 1 0 0 1 0 1 -1 0 0 -1 -1 -1 -1 -1 -1 0 0 -1 1 0 ; CGLMP
0 0 1 1 0 1 0 1 0 -1 0 -1 -1 0 1 -1 0 -1 0 0 1 -1 -1 -1 0 ; CGLMP
0 0 1 1 0 1 0 1 0 0 1 -1 0 -1 0 -1 -1 -1 -1 -1 0 -1 0 0 1 ; CGLMP
0 0 1 1 0 1 1 0 0 -1 0 -1 -1 0 1 -1 0 -1 -1 0 -1 0 -1 1 0 ; CGLMP
0 0 1 1 0 1 1 0 0 -1 0 -1 -1 1 0 0 -1 -1 -1 0 -1 -1 0 0 1 ; CGLMP
0 0 1 1 0 1 1 0 0 0 -1 -1 -1 0 1 -1 0 -1 -1 -1 0 0 -1 1 0 ; CGLMP
0 0 1 1 0 1 1 0 0 0 -1 -1 -1 1 0 0 -1 -1 -1 -1 0 -1 0 0 1 ; CGLMP
0 1 0 0 0 0 0 0 0 -1 -1 0 0 0 0 0 0 0 0 0 0 0 0 0 0 ; positivity
0 1 0 0 0 0 0 0 0 0 0 0 0 -1 -1 0 0 0 0 0 0 0 0 0 0 ; positivity
0 1 0 0 0 0 0 0 1 -1 -1 0 0 0 -1 0 0 0 0 1 1 0 0 0 -1 ; CHSH
0 1 0 0 0 0 0 0 1 -1 -1 0 0 0 -1 0 0 1 1 0 0 0 -1 0 0 ; CHSH
0 1 0 0 0 0 0 0 1 -1 -1 0 0 0 -1 0 0 1 1 1 1 0 -1 0 -1 ; CHSH
0 1 0 0 0 0 0 0 1 -1 0 0 0 0 -1 0 0 0 0 1 0 0 0 0 -1 ; CHSH
0 1 0 0 0 0 0 0 1 -1 0 0 0 0 -1 0 0 1 0 0 0 0 -1 0 0 ; CHSH
0 1 0 0 0 0 0 0 1 -1 0 0 0 0 -1 0 0 1 0 1 0 0 -1 0 -1 ; CHSH
0 1 0 0 0 0 0 0 1 0 -1 0 0 0 -1 0 0 0 0 0 1 0 0 0 -1 ; CHSH
0 1 0 0 0 0 0 0 1 0 -1 0 0 0 -1 0 0 0 1 0 0 0 -1 0 0 ; CHSH
0 1 0 0 0 0 0 0 1 0 -1 0 0 0 -1 0 0 0 1 0 1 0 -1 0 -1 ; CHSH
0 1 0 0 0 0 0 1 0 -1 -1 0 0 -1 0 0 0 0 0 1 1 0 0 -1 0 ; CHSH
0 1 0 0 0 0 0 1 0 -1 -1 0 0 -1 0 0 0 1 1 0 0 -1 0 0 0 ; CHSH
0 1 0 0 0 0 0 1 0 -1 -1 0 0 -1 0 0 0 1 1 1 1 -1 0 -1 0 ; CHSH
0 1 0 0 0 0 0 1 0 -1 0 0 0 -1 0 0 0 0 0 1 0 0 0 -1 0 ; CHSH
0 1 0 0 0 0 0 1 0 -1 0 0 0 -1 0 0 0 1 0 0 0 -1 0 0 0 ; CHSH
0 1 0 0 0 0 0 1 0 -1 0 0 0 -1 0 0 0 1 0 1 0 -1 0 -1 0 ; CHSH
0 1 0 0 0 0 0 1 0 0 -1 0 0 -1 0 0 0 0 0 0 1 0 0 -1 0 ; CHSH
0 1 0 0 0 0 0 1 0 0 -1 0 0 -1 0 0 0 0 1 0 0 -1 0 0 0 ; CHSH
0 1 0 0 0 0 0 1 0 0 -1 0 0 -1 0 0 0 0 1 0 1 -1 0 -1 0 ; CHSH
0 1 0 0 0 0 0 1 1 -1 -1 0 0 -1 -1 0 0 0 0 1 1 0 0 -1 -1 ; CHSH
0 1 0 0 0 0 0 1 1 -1 -1 0 0 -1 -1 0 0 1 1 0 0 -1 -1 0 0 ; CHSH
0 1 0 0 0 0 0 1 1 -1 -1 0 0 -1 -1 0 0 1 1 1 1 -1 -1 -1 -1 ; CHSH
0 1 0 0 0 0 0 1 1 -1 0 0 0 -1 -1 0 0 0 0 1 0 0 0 -1 -1 ; CHSH
0 1 0 0 0 0 0 1 1 -1 0 0 0 -1 -1 0 0 1 0 0 0 -1 -1 0 0 ; CHSH
0 1 0 0 0 0 0 1 1 -1 0 0 0 -1 -1 0 0 1 0 1 0 -1 -1 -1 -1 ; CHSH
0 1 0 0 0 0 0 1 1 0 -1 0 0 -1 -1 0 0 0 0 0 1 0 0 -1 -1 ; CHSH
0 1 0 0 0 0 0 1 1 0 -1 0 0 -1 -1 0 0 0 1 0 0 -1 -1 0 0 ; CHSH
0 1 0 0 0 0 0 1 1 0 -1 0 0 -1 -1 0 0 0 1 0 1 -1 -1 -1 -1 ; CHSH
0 1 0 0 0 0 1 0 0 0 -1 0 0 -1 -1 0 0 0 -1 0 -1 1 1 1 1 ; CHSH
0 1 0 0 0 0 1 0 0 0 -1 0 0 -1 -1 0 0 0 -1 0 0 1 1 0 0 ; CHSH
0 1 0 0 0 0 1 0 0 0 -1 0 0 -1 -1 0 0 0 0 0 -1 0 0 1 1 ; CHSH
0 1 0 0 0 0 1 0 0 0 -1 0 0 -1 0 0 0 0 -1 0 -1 1 0 1 0 ; CHSH
0 1 0 0 0 0 1 0 0 0 -1 0 0 -1 0 0 0 0 -1 0 0 1 0 0 0 ; CHSH
0 1 0 0 0 0 1 0 0 0 -1 0 0 -1 0 0 0 0 0 0 -1 0 0 1 0 ; CHSH
0 1 0 0 0 0 1 0 0 0 -1 0 0 0 -1 0 0 0 -1 0 -1 0 1 0 1 ; CHSH
0 1 0 0 0 0 1 0 0 0 -1 0 0 0 -1 0 0 0 -1 0 0 0 1 0 0 ; CHSH
0 1 0 0 0 0 1 0 0 0 -1 0 0 0 -1 0 0 0 0 0 -1 0 0 0 1 ; CHSH
0 1 0 0 0 1 0 0 0 -1 0 0 0 -1 -1 0 0 -1 0 -1 0 1 1 1 1 ; CHSH
0 1 0 0 0 1 0 0 0 -1 0 0 0 -1 -1 0 0 -1 0 0 0 1 1 0 0 ; CHSH
0 1 0 0 0 1 0 0 0 -1 0 0 0 -1 -1 0 0 0 0 -1 0 0 0 1 1 ; CHSH
0 1 0 0 0 1 0 0 0 -1 0 0 0 -1 0 0 0 -1 0 -1 0 1 0 1 0 ; CHSH
0 1 0 0 0 1 0 0 0 -1 0 0 0 -1 0 0 0 -1 0 0 0 1 0 0 0 ; CHSH
0 1 0 0 0 1 0 0 0 -1 0 0 0 -1 0 0 0 0 0 -1 0 0 0 1 0 ; CHSH
0 1 0 0 0 1 0 0 0 -1 0 0 0 0 -1 0 0 -1 0 -1 0 0 1 0 1 ; CHSH
0 1 0 0 0 1 0 0 0 -1 0 0 0 0 -1 0 0 -1 0 0 0 0 1 0 0 ; CHSH
0 1 0 0 0 1 0 0 0 -1 0 0 0 0 -1 0 0 0 0 -1 0 0 0 0 1 ; CHSH
0 1 0 0 0 1 1 0 0 -1 -1 0 0 -1 -1 0 0 -1 -1 -1 -1 1 1 1 1 ; CHSH
0 1 0 0 0 1 1 0 0 -1 -1 0 0 -1 -1 0 0 -1 -1 0 0 1 1 0 0 ; CHSH
0 1 0 0 0 1 1 0 0 -1 -1 0 0 -1 -1 0 0 0 0 -1 -1 0 0 1 1 ; CHSH
0 1 0 0 0 1 1 0 0 -1 -1 0 0 -1 0 0 0 -1 -1 -1 -1 1 0 1 0 ; CHSH
0 1 0 0 0 1 1 0 0 -1 -1 0 0 -1 0 0 0 -1 -1 0 0 1 0 0 0 ; CHSH
0 1 0 0 0 1 1 0 0 -1 -1 0 0 -1 0 0 0 0 0 -1 -1 0 0 1 0 ; CHSH
0 1 0 0 0 1 1 0 0 -1 -1 0 0 0 -1 0 0 -1 -1 -1 -1 0 1 0 1 ; CHSH
0 1 0 0 0 1 1 0 0 -1 -1 0 0 0 -1 0 0 -1 -1 0 0 0 1 0 0 ; CHSH
0 1 0 0 0 1 1 0 0 -1 -1 0 0 0 -1 0 0 0 0 -1 -1 0 0 0 1 ; CHSH
0 1 0 0 1 0 0 1 1 -1 0 0 1 -1 -1 -1 0 1 0 0 -1 0 -1 -1 -1 ; CGLMP
0 1 0 0 1 0 0 1 1 -1 0 0 1 -1 -1 0 -1 1 0 0 -1 -1 0 -1 -1 ; CGLMP
0 1 0 0 1 0 0 1 1 0 -1 1 0 -1 -1 -1 0 0 1 -1 0 0 -1 -1 -1 ; CGLMP
0 1 0 0 1 0 0 1 1 0 -1 1 0 -1 -1 0 -1 0 1 -1 0 -1 0 -1 -1 ; CGLMP
0 1 0 0 1 0 1 0 1 -1 -1 0 -1 0 -1 1 0 1 0 0 -1 0 -1 -1 -1 ; CGLMP
0 1 0 0 1 0 1 0 1 0 -1 1 0 -1 -1 0 -1 0 -1 -1 -1 1 0 0 -1 ; CGLMP
0 1 0 0 1 0 1 1 0 -1 -1 0 -1 -1 0 0 1 1 0 0 -1 -1 0 -1 -1 ; CGLMP
0 1 0 0 1 0 1 1 0 0 -1 1 0 -1 -1 -1 0 0 -1 -1 -1 0 1 -1 0 ; CGLMP
0 1 0 0 1 1 0 0 1 -1 -1 -1 0 0 -1 1 0 0 1 -1 0 0 -1 -1 -1 ; CGLMP
0 1 0 0 1 1 0 0 1 -1 0 0 1 -1 -1 0 -1 -1 0 -1 -1 1 0 0 -1 ; CGLMP
0 1 0 0 1 1 0 1 0 -1 -1 -1 0 -1 0 0 1 0 1 -1 0 -1 0 -1 -1 ; CGLMP
0 1 0 0 1 1 0 1 0 -1 0 0 1 -1 -1 -1 0 -1 0 -1 -1 0 1 -1 0 ; CGLMP
0 1 0 0 1 1 1 0 0 -1 -1 -1 0 -1 0 0 1 0 -1 -1 -1 1 0 0 -1 ; CGLMP
0 1 0 0 1 1 1 0 0 -1 -1 -1 0 0 -1 1 0 0 -1 -1 -1 0 1 -1 0 ; CGLMP
0 1 0 0 1 1 1 0 0 -1 -1 0 -1 -1 0 0 1 -1 0 -1 -1 1 0 0 -1 ; CGLMP
0 1 0 0 1 1 1 0 0 -1 -1 0 -1 0 -1 1 0 -1 0 -1 -1 0 1 -1 0 ; CGLMP
0 1 0 1 0 0 0 1 1 -1 0 0 1 -1 -1 -1 0 0 -1 1 0 -1 -1 0 -1 ; CGLMP
0 1 0 1 0 0 0 1 1 -1 0 0 1 -1 -1 0 -1 0 -1 1 0 -1 -1 -1 0 ; CGLMP
0 1 0 1 0 0 0 1 1 0 -1 1 0 -1 -1 -1 0 -1 0 0 1 -1 -1 0 -1 ; CGLMP
0 1 0 1 0 0 0 1 1 0 -1 1 0 -1 -1 0 -1 -1 0 0 1 -1 -1 -1 0 ; CGLMP
0 1 0 1 0 0 1 0 1 -1 -1 0 -1 0 -1 1 0 0 -1 1 0 -1 -1 0 -1 ; CGLMP
0 1 0 1 0 0 1 0 1 0 -1 1 0 -1 -1 0 -1 -1 -1 0 -1 0 -1 1 0 ; CGLMP
0 1 0 1 0 0 1 1 0 -1 -1 0 -1 -1 0 0 1 0 -1 1 0 -1 -1 -1 0 ; CGLMP
0 1 0 1 0 0 1 1 0 0 -1 1 0 -1 -1 -1 0 -1 -1 0 -1 -1 0 0 1 ; CGLMP
0 1 0 1 0 1 0 0 1 -1 -1 -1 0 0 -1 1 0 -1 0 0 1 -1 -1 0 -1 ; CGLMP
0 1 0 1 0 1 0 0 1 -1 0 0 1 -1 -1 0 -1 -1 -1 -1 0 0 -1 1 0 ; CGLMP
0 1 0 1 0 1 0 1 0 -1 -1 -1 0 -1 0 0 1 -1 0 0 1 -1 -1 -1 0 ; CGLMP
0 1 0 1 0 1 0 1 0 -1 0 0 1 -1 -1 -1 0 -1 -1 -1 0 -1 0 0 1 ; CGLMP
0 1 0 1 0 1 1 0 0 -1 -1 -1 0 -1 0 0 1 -1 -1 0 -1 0 -1 1 0 ; CGLMP
0 1 0 1 0 1 1 0 0 -1 -1 -1 0 0 -1 1 0 -1 -1 0 -1 -1 0 0 1 ; CGLMP
0 1 0 1 0 1 1 0 0 -1 -1 0 -1 -1 0 0 1 -1 -1 -1 0 0 -1 1 0 ; CGLMP
0 1 0 1 0 1 1 0 0 -1 -1 0 -1 0 -1 1 0 -1 -1 -1 0 -1 0 0 1 ; CGLMP
0 1 1 0 0 0 0 0 1 -1 -1 -1 -1 0 -1 0 -1 0 0 1 1 0 0 0 -1 ; CHSH
0 1 1 0 0 0 0 0 1 -1 -1 -1 -1 0 -1 0 -1 1 1 0 0 0 -1 0 0 ; CHSH
0 1 1 0 0 0 0 0 1 -1 -1 -1 -1 0 -1 0 -1 1 1 1 1 0 -1 0 -1 ; CHSH
0 1 1 0 0 0 0 0 1 -1 0 -1 0 0 -1 0 -1 0 0 1 0 0 0 0 -1 ; CHSH
0 1 1 0 0 0 0 0 1 -1 0 -1 0 0 -1 0 -1 1 0 0 0 0 -1 0 0 ; CHSH
0 1 1 0 0 0 0 0 1 -1 0 -1 0 0 -1 0 -1 1 0 1 0 0 -1 0 -1 ; CHSH
0 1 1 0 0 0 0 0 1 0 -1 0 -1 0 -1 0 -1 0 0 0 1 0 0 0 -1 ; CHSH
0 1 1 0 0 0 0 0 1 0 -1 0 -1 0 -1 0 -1 0 1 0 0 0 -1 0 0 ; CHSH
0 1 1 0 0 0 0 0 1 0 -1 0 -1 0 -1 0 -1 0 1 0 1 0 -1 0 -1 ; CHSH
0 1 1 0 0 0 0 1 0 -1 -1 -1 -1 -1 0 -1 0 0 0 1 1 0 0 -1 0 ; CHSH
0 1 1 0 0 0 0 1 0 -1 -1 -1 -1 -1 0 -1 0 1 1 0 0 -1 0 0 0 ; CHSH
0 1 1 0 0 0 0 1 0 -1 -1 -1 -1 -1 0 -1 0 1 1 1 1 -1 0 -1 0 ; CHSH
0 1 1 0 0 0 0 1 0 -1 0 -1 0 -1 0 -1 0 0 0 1 0 0 0 -1 0 ; CHSH
0 1 1 0 0 0 0 1 0 -1 0 -1 0 -1 0 -1 0 1 0 0 0 -1 0 0 0 ; CHSH
0 1 1 0 0 0 0 1 0 -1 0 -1 0 -1 0 -1 0 1 0 1 0 -1 0 -1 0 ; CHSH
0 1 1 0 0 0 0 1 0 0 -1 0 -1 -1 0 -1 0 0 0 0 1 0 0 -1 0 ; CHSH
0 1 1 0 0 0 0 1 0 0 -1 0 -1 -1 0 -1 0 0 1 0 0 -1 0 0 0 ; CHSH
0 1 1 0 0 0 0 1 0 0 -1 0 -1 -1 0 -1 0 0 1 0 1 -1 0 -1 0 ; CHSH
0 1 1 0 0 0 0 1 1 -1 -1 -1 -1 -1 -1 -1 -1 0 0 1 1 0 0 -1 -1 ; CHSH
0 1 1 0 0 0 0 1 1 -1 -1 -1 -1 -1 -1 -1 -1 1 1 0 0 -1 -1 0 0 ; CHSH
0 1 1 0 0 0 0 1 1 -1 -1 -1 -1 -1 -1 -1 -1 1 1 1 1 -1 -1 -1 -1 ; CHSH
0 1 1 0 0 0 0 1 1 -1 -1 -1 0 -1 0 -1 -1 1 0 1 1 0 -1 -1 -1 ; CGLMP
0 1 1 0 0 0 0 1 1 -1 -1 -1 0 -1 0 -1 -1 1 1 1 0 -1 -1 0 -1 ; CGLMP
0 1 1 0 0 0 0 1 1 -1 -1 -1 0 0 -1 -1 -1 1 0 1 1 -1 0 -1 -1 ; CGLMP
0 1 1 0 0 0 0 1 1 -1 -1 -1 0 0 -1 -1 -1 1 1 1 0 -1 -1 -1 0 ; CGLMP
0 1 1 0 0 0 0 1 1 -1 -1 0 -1 -1 0 -1 -1 0 1 1 1 0 -1 -1 -1 ; CGLMP
0 1 1 0 0 0 0 1 1 -1 -1 0 -1 -1 0 -1 -1 1 1 0 1 -1 -1 0 -1 ; CGLMP
0 1 1 0 0 0 0 1 1 -1 -1 0 -1 0 -1 -1 -1 0 1 1 1 -1 0 -1 -1 ; CGLMP
0 1 1 0 0 0 0 1 1 -1 -1 0 -1 0 -1 -1 -1 1 1 0 1 -1 -1 -1 0 ; CGLMP
0 1 1 0 0 0 0 1 1 -1 0 -1 -1 -1 -1 -1 0 1 0 1 1 0 -1 -1 -1 ; CGLMP
0 1 1 0 0 0 0 1 1 -1 0 -1 -1 -1 -1 -1 0 1 1 1 0 -1 -1 0 -1 ; CGLMP
0 1 1 0 0 0 0 1 1 -1 0 -1 -1 -1 -1 0 -1 1 0 1 1 -1 0 -1 -1 ; CGLMP
0 1 1 0 0 0 0 1 1 -1 0 -1 -1 -1 -1 0 -1 1 1 1 0 -1 -1 -1 0 ; CGLMP
0 1 1 0 0 0 0 1 1 -1 0 -1 0 -1 -1 -1 -1 0 0 1 0 0 0 -1 -1 ; CHSH
0 1 1 0 0 0 0 1 1 -1 0 -1 0 -1 -1 -1 -1 1 0 0 0 -1 -1 0 0 ; CHSH
0 1 1 0 0 0 0 1 1 -1 0 -1 0 -1 -1 -1 -1 1 0 1 0 -1 -1 -1 -1 ; CHSH
0 1 1 0 0 0 0 1 1 0 -1 -1 -1 -1 -1 -1 0 0 1 1 1 0 -1 -1 -1 ; CGLMP
0 1 1 0 0 0 0 1 1 0 -1 -1 -1 -1 -1 -1 0 1 1 0 1 -1 -1 0 -1 ; CGLMP
0 1 1 0 0 0 0 1 1 0 -1 -1 -1 -1 -1 0 -1 0 1 1 1 -1 0 -1 -1 ; CGLMP
0 1 1 0 0 0 0 1 1 0 -1 -1 -1 -1 -1 0 -1 1 1 0 1 -1 -1 -1 0 ; CGLMP
0 1 1 0 0 0 0 1 1 0 -1 0 -1 -1 -1 -1 -1 0 0 0 1 0 0 -1 -1 ; CHSH
0 1 1 0 0 0 0 1 1 0 -1 0 -1 -1 -1 -1 -1 0 1 0 0 -1 -1 0 0 ; CHSH
0 1 1 0 0 0 0 1 1 0 -1 0 -1 -1 -1 -1 -1 0 1 0 1 -1 -1 -1 -1 ; CHSH
0 1 1 0 0 0 1 0 0 0 -1 0 -1 -1 -1 -1 -1 0 -1 0 -1 1 1 1 1 ; CHSH
0 1 1 0 0 0 1 0 0 0 -1 0 -1 -1 -1 -1 -1 0 -1 0 0 1 1 0 0 ; CHSH
0 1 1 0 0 0 1 0 0 0 -1 0 -1 -1 -1 -1 -1 0 0 0 -1 0 0 1 1 ; CHSH
0 1 1 0 0 0 1 0 0 0 -1 0 -1 -1 0 -1 0 0 -1 0 -1 1 0 1 0 ; CHSH
0 1 1 0 0 0 1 0 0 0 -1 0 -1 -1 0 -1 0 0 -1 0 0 1 0 0 0 ; CHSH
0 1 1 0 0 0 1 0 0 0 -1 0 -1 -1 0 -1 0 0 0 0 -1 0 0 1 0 ; CHSH
0 1 1 0 0 0 1 0 0 0 -1 0 -1 0 -1 0 -1 0 -1 0 -1 0 1 0 1 ; CHSH
0 1 1 0 0 0 1 0 0 0 -1 0 -1 0 -1 0 -1 0 -1 0 0 0 1 0 0 ; CHSH
0 1 1 0 0 0 1 0 0 0 -1 0 -1 0 -1 0 -1 0 0 0 -1 0 0 0 1 ; CHSH
0 1 1 0 0 0 1 0 1 -1 -1 0 -1 0 -1 -1 -1 0 -1 1 0 1 0 0 -1 ; CGLMP
0 1 1 0 0 0 1 0 1 -1 -1 0 -1 0 -1 -1 -1 1 0 0 -1 0 -1 1 0 ; CGLMP
0 1 1 0 0 0 1 0 1 0 -1 -1 -1 -1 -1 0 -1 0 -1 1 0 1 0 0 -1 ; CGLMP
0 1 1 0 0 0 1 0 1 0 -1 -1 -1 -1 -1 0 -1 1 0 0 -1 0 -1 1 0 ; CGLMP
0 1 1 0 0 0 1 1 0 -1 -1 0 -1 -1 0 -1 -1 0 -1 1 0 0 1 -1 0 ; CGLMP
0 1 1 0 0 0 1 1 0 -1 -1 0 -1 -1 0 -1 -1 1 0 0 -1 -1 0 0 1 ; CGLMP
0 1 1 0 0 0 1 1 0 0 -1 -1 -1 -1 -1 -1 0 0 -1 1 0 0 1 -1 0 ; CGLMP
0 1 1 0 0 0 1 1 0 0 -1 -1 -1 -1 -1 -1 0 1 0 0 -1 -1 0 0 1 ; CGLMP
0 1 1 0 0 1 0 0 0 -1 0 -1 0 -1 -1 -1 -1 -1 0 -1 0 1 1 1 1 ; CHSH
0 1 1 0 0 1 0 0 0 -1 0 -1 0 -1 -1 -1 -1 -1 0 0 0 1 1 0 0 ; CHSH
0 1 1 0 0 1 0 0 0 -1 0 -1 0 -1 -1 -1 -1 0 0 -1 0 0 0 1 1 ; CHSH
0 1 1 0 0 1 0 0 0 -1 0 -1 0 -1 0 -1 0 -1 0 -1 0 1 0 1 0 ; CHSH
0 1 1 0 0 1 0 0 0 -1 0 -1 0 -1 0 -1 0 -1 0 0 0 1 0 0 0 ; CHSH
0 1 1 0 0 1 0 0 0 -1 0 -1 0 -1 0 -1 0 0 0 -1 0 0 0 1 0 ; CHSH
0 1 1 0 0 1 0 0 0 -1 0 -1 0 0 -1 0 -1 -1 0 -1 0 0 1 0 1 ; CHSH
0 1 1 0 0 1 0 0 0 -1 0 -1 0 0 -1 0 -1 -1 0 0 0 0 1 0 0 ; CHSH
0 1 1 0 0 1 0 0 0 -1 0 -1 0 0 -1 0 -1 0 0 -1 0 0 0 0 1 ; CHSH
0 1 1 0 0 1 0 0 1 -1 -1 -1 0 0 -1 -1 -1 -1 0 0 1 1 0 0 -1 ; CGLMP
0 1 1 0 0 1 0 0 1 -1 -1 -1 0 0 -1 -1 -1 0 1 -1 0 0 -1 1 0 ; CGLMP
0 1 1 0 0 1 0 0 1 -1 0 -1 -1 -1 -1 0 -1 -1 0 0 1 1 0 0 -1 ; CGLMP
0 1 1 0 0 1 0 0 1 -1 0 -1 -1 -1 -1 0 -1 0 1 -1 0 0 -1 1 0 ; CGLMP
0 1 1 0 0 1 0 1 0 -1 -1 -1 0 -1 0 -1 -1 -1 0 0 1 0 1 -1 0 ; CGLMP
0 1 1 0 0 1 0 1 0 -1 -1 -1 0 -1 0 -1 -1 0 1 -1 0 -1 0 0 1 ; CGLMP
0 1 1 0 0 1 0 1 0 -1 0 -1 -1 -1 -1 -1 0 -1 0 0 1 0 1 -1 0 ; CGLMP
0 1 1 0 0 1 0 1 0 -1 0 -1 -1 -1 -1 -1 0 0 1 -1 0 -1 0 0 1 ; CGLMP
0 1 1 0 0 1 1 0 0 -1 -1 -1 -1 -1 -1 -1 -1 -1 -1 -1 -1 1 1 1 1 ; CHSH
0 1 1 0 0 1 1 0 0 -1 -1 -1 -1 -1 -1 -1 -1 -1 -1 0 0 1 1 0 0 ; CHSH
0 1 1 0 0 1 1 0 0 -1 -1 -1 -1 -1 -1 -1 -1 0 0 -1 -1 0 0 1 1 ; CHSH
0 1 1 0 0 1 1 0 0 -1 -1 -1 -1 -1 0 -1 0 -1 -1 -1 -1 1 0 1 0 ; CHSH
0 1 1 0 0 1 1 0 0 -1 -1 -1 -1 -1 0 -1 0 -1 -1 0 0 1 0 0 0 ; CHSH
0 1 1 0 0 1 1 0 0 -1 -1 -1 -1 -1 0 -1 0 0 0 -1 -1 0 0 1 0 ; CHSH
0 1 1 0 0 1 1 0 0 -1 -1 -1 -1 0 -1 0 -1 -1 -1 -1 -1 0 1 0 1 ; CHSH
0 1 1 0 0 1 1 0 0 -1 -1 -1 -1 0 -1 0 -1 -1 -1 0 0 0 1 0 0 ; CHSH
0 1 1 0 0 1 1 0 0 -1 -1 -1 -1 0 -1 0 -1 0 0 -1 -1 0 0 0 1 ; CHSH
0 1 1 0 0 1 1 0 0 -1 -1 -1 0 -1 0 -1 -1 -1 -1 0 -1 1 1 1 0 ; CGLMP
0 1 1 0 0 1 1 0 0 -1 -1 -1 0 -1 0 -1 -1 0 -1 -1 -1 1 0 1 1 ; CGLMP
0 1 1 0 0 1 1 0 0 -1 -1 -1 0 0 -1 -1 -1 -1 -1 0 -1 1 1 0 1 ; CGLMP
0 1 1 0 0 1 1 0 0 -1 -1 -1 0 0 -1 -1 -1 0 -1 -1 -1 0 1 1 1 ; CGLMP
0 1 1 0 0 1 1 0 0 -1 -1 0 -1 -1 0 -1 -1 -1 -1 -1 0 1 1 1 0 ; CGLMP
0 1 1 0 0 1 1 0 0 -1 -1 0 -1 -1 0 -1 -1 -1 0 -1 -1 1 0 1 1 ; CGLMP
0 1 1 0 0 1 1 0 0 -1 -1 0 -1 0 -1 -1 -1 -1 -1 -1 0 1 1 0 1 ; CGLMP
0 1 1 0 0 1 1 0 0 -1 -1 0 -1 0 -1 -1 -1 -1 0 -1 -1 0 1 1 1 ; CGLMP
0 1 1 0 0 1 1 0 0 -1 0 -1 -1 -1 -1 -1 0 -1 -1 0 -1 1 1 1 0 ; CGLMP
0 1 1 0 0 1 1 0 0 -1 0 -1 -1 -1 -1 -1 0 0 -1 -1 -1 1 0 1 1 ; CGLMP
0 1 1 0 0 1 1 0 0 -1 0 -1 -1 -1 -1 0 -1 -1 -1 0 -1 1 1 0 1 ; CGLMP
0 1 1 0 0 1 1 0 0 -1 0 -1 -1 -1 -1 0 -1 0 -1 -1 -1 0 1 1 1 ; CGLMP
0 1 1 0 0 1 1 0 0 0 -1 -1 -1 -1 -1 -1 0 -1 -1 -1 0 1 1 1 0 ; CGLMP
0 1 1 0 0 1 1 0 0 0 -1 -1 -1 -1 -1 -1 0 -1 0 -1 -1 1 0 1 1 ; CGLMP
0 1 1 0 0 1 1 0 0 0 -1 -1 -1 -1 -1 0 -1 -1 -1 -1 0 1 1 0 1 ; CGLMP
0 1 1 0 0 1 1 0 0 0 -1 -1 -1 -1 -1 0 -1 -1 0 -1 -1 0 1 1 1 ; CGLMP
1 -1 -1 0 0 -1 -1 0 0 1 1 1 1 0 0 0 0 0 0 0 0 0 0 0 0 ; positivity
1 -1 -1 0 0 -1 -1 0 0 1 1 1 1 0 1 0 1 0 0 1 1 0 0 0 -1 ; CHSH
1 -1 -1 0 0 -1 -1 0 0 1 1 1 1 0 1 0 1 1 1 0 0 0 -1 0 0 ; CHSH
1 -1 -1 0 0 -1 -1 0 0 1 1 1 1 0 1 0 1 1 1 1 1 0 -1 0 -1 ; CHSH
1 -1 -1 0 0 -1 -1 0 0 1 1 1 1 1 0 1 0 0 0 1 1 0 0 -1 0 ; CHSH
1 -1 -1 0 0 -1 -1 0 0 1 1 1 1 1 0 1 0 1 1 0 0 -1 0 0 0 ; CHSH
1 -1 -1 0 0 -1 -1 0 0 1 1 1 1 1 0 1 0 1 1 1 1 -1 0 -1 0 ; CHSH
1 -1 -1 0 0 -1 -1 0 0 1 1 1 1 1 1 1 1 0 0 1 1 0 0 -1 -1 ; CHSH
1 -1 -1 0 0 -1 -1 0 0 1 1 1 1 1 1 1 1 1 1 0 0 -1 -1 0 0 ; CHSH
1 -1 -1 0 0 -1 -1 0 0 1 1 1 1 1 1 1 1 1 1 1 1 -1 -1 -1 -1 ; CHSH
1 -1 -1 0 0 -1 0 0 0 1 0 1 0 0 1 0 1 0 0 1 0 0 0 0 -1 ; CHSH
1 -1 -1 0 0 -1 0 0 0 1 0 1 0 0 1 0 1 1 0 0 0 0 -1 0 0 ; CHSH
1 -1 -1 0 0 -1 0 0 0 1 0 1 0 0 1 0 1 1 0 1 0 0 -1 0 -1 ; CHSH
1 -1 -1 0 0 -1 0 0 0 1 0 1 0 1 0 1 0 0 0 1 0 0 0 -1 0 ; CHSH
1 -1 -1 0 0 -1 0 0 0 1 0 1 0 1 0 1 0 1 0 0 0 -1 0 0 0 ; CHSH
1 -1 -1 0 0 -1 0 0 0 1 0 1 0 1 0 1 0 1 0 1 0 -1 0 -1 0 ; CHSH
1 -1 -1 0 0 -1 0 0 0 1 0 1 0 1 1 1 1 0 0 1 0 0 0 -1 -1 ; CHSH
1 -1 -1 0 0 -1 0 0 0 1 0 1 0 1 1 1 1 1 0 0 0 -1 -1 0 0 ; CHSH
1 -1 -1 0 0 -1 0 0 0 1 0 1 0 1 1 1 1 1 0 1 0 -1 -1 -1 -1 ; CHSH
1 -1 -1 0 0 0 -1 0 0 0 1 0 1 0 1 0 1 0 0 0 1 0 0 0 -1 ; CHSH
1 -1 -1 0 0 0 -1 0 0 0 1 0 1 0 1 0 1 0 1 0 0 0 -1 0 0 ; CHSH
1 -1 -1 0 0 0 -1 0 0 0 1 0 1 0 1 0 1 0 1 0 1 0 -1 0 -1 ; CHSH
1 -1 -1 0 0 0 -1 0 0 0 1 0 1 1 0 1 0 0 0 0 1 0 0 -1 0 ; CHSH
1 -1 -1 0 0 0 -1 0 0 0 1 0 1 1 0 1 0 0 1 0 0 -1 0 0 0 ; CHSH
1 -1 -1 0 0 0 -1 0 0 0 1 0 1 1 0 1 0 0 1 0 1 -1 0 -1 0 ; CHSH
1 -1 -1 0 0 0 -1 0 0 0 1 0 1 1 1 1 1 0 0 0 1 0 0 -1 -1 ; CHSH
1 -1 -1 0 0 0 -1 0 0 0 1 0 1 1 1 1 1 0 1 0 0 -1 -1 0 0 ; CHSH
1 -1 -1 0 0 0 -1 0 0 0 1 0 1 1 1 1 1 0 1 0 1 -1 -1 -1 -1 ; CHSH
1 -1 -1 0 0 0 0 -1 -1 0 0 0 0 1 1 1 1 0 0 0 0 0 0 0 0 ; positivity
1 -1 -1 0 0 0 0 -1 -1 0 1 0 1 1 1 1 1 0 -1 0 -1 1 1 1 1 ; CHSH
1 -1 -1 0 0 0 0 -1 -1 0 1 0 1 1 1 1 1 0 -1 0 0 1 1 0 0 ; CHSH
1 -1 -1 0 0 0 0 -1 -1 0 1 0 1 1 1 1 1 0 0 0 -1 0 0 1 1 ; CHSH
1 -1 -1 0 0 0 0 -1 -1 1 0 1 0 1 1 1 1 -1 0 -1 0 1 1 1 1 ; CHSH
1 -1 -1 0 0 0 0 -1 -1 1 0 1 0 1 1 1 1 -1 0 0 0 1 1 0 0 ; CHSH
1 -1 -1 0 0 0 0 -1 -1 1 0 1 0 1 1 1 1 0 0 -1 0 0 0 1 1 ; CHSH
1 -1 -1 0 0 0 0 -1 -1 1 1 1 1 1 1 1 1 -1 -1 -1 -1 1 1 1 1 ; CHSH
1 -1 -1 0 0 0 0 -1 -1 1 1 1 1 1 1 1 1 -1 -1 0 0 1 1 0 0 ; CHSH
1 -1 -1 0 0 0 0 -1 -1 1 1 1 1 1 1 1 1 0 0 -1 -1 0 0 1 1 ; CHSH
1 -1 -1 0 0 0 0 -1 0 0 1 0 1 1 0 1 0 0 -1 0 -1 1 0 1 0 ; CHSH
1 -1 -1 0 0 0 0 -1 0 0 1 0 1 1 0 1 0 0 -1 0 0 1 0 0 0 ; CHSH
1 -1 -1 0 0 0 0 -1 0 0 1 0 1 1 0 1 0 0 0 0 -1 0 0 1 0 ; CHSH
1 -1 -1 0 0 0 0 -1 0 1 0 1 0 1 0 1 0 -1 0 -1 0 1 0 1 0 ; CHSH
1 -1 -1 0 0 0 0 -1 0 1 0 1 0 1 0 1 0 -1 0 0 0 1 0 0 0 ; CHSH
1 -1 -1 0 0 0 0 -1 0 1 0 1 0 1 0 1 0 0 0 -1 0 0 0 1 0 ; CHSH
1 -1 -1 0 0 0 0 -1 0 1 1 1 1 1 0 1 0 -1 -1 -1 -1 1 0 1 0 ; CHSH
1 -1 -1 0 0 0 0 -1 0 1 1 1 1 1 0 1 0 -1 -1 0 0 1 0 0 0 ; CHSH
1 -1 -1 0 0 0 0 -1 0 1 1 1 1 1 0 1 0 0 0 -1 -1 0 0 1 0 ; CHSH
1 -1 -1 0 0 0 0 0 -1 0 1 0 1 0 1 0 1 0 -1 0 -1 0 1 0 1 ; CHSH
1 -1 -1 0 0 0 0 0 -1 0 1 0 1 0 1 0 1 0 -1 0 0 0 1 0 0 ; CHSH
1 -1 -1 0 0 0 0 0 -1 0 1 0 1 0 1 0 1 0 0 0 -1 0 0 0 1 ; CHSH
1 -1 -1 0 0 0 0 0 -1 1 0 1 0 0 1 0 1 -1 0 -1 0 0 1 0 1 ; CHSH
1 -1 -1 0 0 0 0 0 -1 1 0 1 0 0 1 0 1 -1 0 0 0 0 1 0 0 ; CHSH
1 -1 -1 0 0 0 0 0 -1 1 0 1 0 0 1 0 1 0 0 -1 0 0 0 0 1 ; CHSH
1 -1 -1 0 0 0 0 0 -1 1 1 1 1 0 1 0 1 -1 -1 -1 -1 0 1 0 1 ; CHSH
1 -1 -1 0 0 0 0 0 -1 1 1 1 1 0 1 0 1 -1 -1 0 0 0 1 0 0 ; CHSH
1 -1 -1 0 0 0 0 0 -1 1 1 1 1 0 1 0 1 0 0 -1 -1 0 0 0 1 ; CHSH
1 -1 -1 0 1 -1 0 0 0 1 0 1 1 1 1 0 1 1 0 0 -1 0 -1 -1 -1 ; CGLMP
1 -1 -1 0 1 -1 0 0 0 1 0 1 1 1 1 1 0 1 0 0 -1 -1 0 -1 -1 ; CGLMP
1 -1 -1 0 1 -1 0 0 0 1 1 1 0 0 1 1 1 1 0 0 -1 0 -1 -1 -1 ; CGLMP
1 -1 -1 0 1 -1 0 0 0 1 1 1 0 1 0 1 1 1 0 0 -1 -1 0 -1 -1 ; CGLMP
1 -1 -1 0 1 0 -1 0 0 0 1 1 1 1 1 0 1 0 1 -1 0 0 -1 -1 -1 ; CGLMP
1 -1 -1 0 1 0 -1 0 0 0 1 1 1 1 1 1 0 0 1 -1 0 -1 0 -1 -1 ; CGLMP
1 -1 -1 0 1 0 -1 0 0 1 1 0 1 0 1 1 1 0 1 -1 0 0 -1 -1 -1 ; CGLMP
1 -1 -1 0 1 0 -1 0 0 1 1 0 1 1 0 1 1 0 1 -1 0 -1 0 -1 -1 ; CGLMP
1 -1 -1 0 1 0 0 -1 0 0 1 1 1 1 1 1 0 0 -1 -1 -1 1 0 0 -1 ; CGLMP
1 -1 -1 0 1 0 0 -1 0 1 0 1 1 1 1 1 0 -1 0 -1 -1 1 0 0 -1 ; CGLMP
1 -1 -1 0 1 0 0 -1 0 1 1 0 1 1 0 1 1 0 -1 -1 -1 1 0 0 -1 ; CGLMP
1 -1 -1 0 1 0 0 -1 0 1 1 1 0 1 0 1 1 -1 0 -1 -1 1 0 0 -1 ; CGLMP
1 -1 -1 0 1 0 0 0 -1 0 1 1 1 1 1 0 1 0 -1 -1 -1 0 1 -1 0 ; CGLMP
1 -1 -1 0 1 0 0 0 -1 1 0 1 1 1 1 0 1 -1 0 -1 -1 0 1 -1 0 ; CGLMP
1 -1 -1 0 1 0 0 0 -1 1 1 0 1 0 1 1 1 0 -1 -1 -1 0 1 -1 0 ; CGLMP
1 -1 -1 0 1 0 0 0 -1 1 1 1 0 0 1 1 1 -1 0 -1 -1 0 1 -1 0 ; CGLMP
1 -1 -1 1 0 -1 0 0 0 1 0 1 1 1 1 0 1 0 -1 1 0 -1 -1 0 -1 ; CGLMP
1 -1 -1 1 0 -1 0 0 0 1 0 1 1 1 1 1 0 0 -1 1 0 -1 -1 -1 0 ; CGLMP
1 -1 -1 1 0 -1 0 0 0 1 1 1 0 0 1 1 1 0 -1 1 0 -1 -1 0 -1 ; CGLMP
1 -1 -1 1 0 -1 0 0 0 1 1 1 0 1 0 1 1 0 -1 1 0 -1 -1 -1 0 ; CGLMP
1 -1 -1 1 0 0 -1 0 0 0 1 1 1 1 1 0 1 -1 0 0 1 -1 -1 0 -1 ; CGLMP
1 -1 -1 1 0 0 -1 0 0 0 1 1 1 1 1 1 0 -1 0 0 1 -1 -1 -1 0 ; CGLMP
1 -1 -1 1 0 0 -1 0 0 1 1 0 1 0 1 1 1 -1 0 0 1 -1 -1 0 -1 ; CGLMP
1 -1 -1 1 0 0 -1 0 0 1 1 0 1 1 0 1 1 -1 0 0 1 -1 -1 -1 0 ; CGLMP
1 -1 -1 1 0 0 0 -1 0 0 1 1 1 1 1 1 0 -1 -1 0 -1 0 -1 1 0 ; CGLMP
1 -1 -1 1 0 0 0 -1 0 1 0 1 1 1 1 1 0 -1 -1 -1 0 0 -1 1 0 ; CGLMP
1 -1 -1 1 0 0 0 -1 0 1 1 0 1 1 0 1 1 -1 -1 0 -1 0 -1 1 0 ; CGLMP
1 -1 -1 1 0 0 0 -1 0 1 1 1 0 1 0 1 1 -1 -1 -1 0 0 -1 1 0 ; CGLMP
1 -1 -1 1 0 0 0 0 -1 0 1 1 1 1 1 0 1 -1 -1 0 -1 -1 0 0 1 ; CGLMP
1 -1 -1 1 0 0 0 0 -1 1 0 1 1 1 1 0 1 -1 -1 -1 0 -1 0 0 1 ; CGLMP
1 -1 -1 1 0 0 0 0 -1 1 1 0 1 0 1 1 1 -1 -1 0 -1 -1 0 0 1 ; CGLMP
1 -1 -1 1 0 0 0 0 -1 1 1 1 0 0 1 1 1 -1 -1 -1 0 -1 0 0 1 ; CGLMP
1 -1 0 0 0 -1 -1 0 0 1 1 0 0 0 1 0 0 0 0 1 1 0 0 0 -1 ; CHSH
1 -1 0 0 0 -1 -1 0 0 1 1 0 0 0 1 0 0 1 1 0 0 0 -1 0 0 ; CHSH
1 -1 0 0 0 -1 -1 0 0 1 1 0 0 0 1 0 0 1 1 1 1 0 -1 0 -1 ; CHSH
1 -1 0 0 0 -1 -1 0 0 1 1 0 0 1 0 0 0 0 0 1 1 0 0 -1 0 ; CHSH
1 -1 0 0 0 -1 -1 0 0 1 1 0 0 1 0 0 0 1 1 0 0 -1 0 0 0 ; CHSH
1 -1 0 0 0 -1 -1 0 0 1 1 0 0 1 0 0 0 1 1 1 1 -1 0 -1 0 ; CHSH
1 -1 0 0 0 -1 -1 0 0 1 1 0 0 1 1 0 0 0 0 1 1 0 0 -1 -1 ; CHSH
1 -1 0 0 0 -1 -1 0 0 1 1 0 0 1 1 0 0 1 1 0 0 -1 -1 0 0 ; CHSH
1 -1 0 0 0 -1 -1 0 0 1 1 0 0 1 1 0 0 1 1 1 1 -1 -1 -1 -1 ; CHSH
1 -1 0 0 0 -1 -1 0 1 1 1 0 1 1 0 0 -1 1 0 1 1 0 -1 -1 -1 ; CGLMP
1 -1 0 0 0 -1 -1 0 1 1 1 0 1 1 0 0 -1 1 1 1 0 -1 -1 0 -1 ; CGLMP
1 -1 0 0 0 -1 -1 0 1 1 1 1 0 1 0 0 -1 0 1 1 1 0 -1 -1 -1 ; CGLMP
1 -1 0 0 0 -1 -1 0 1 1 1 1 0 1 0 0 -1 1 1 0 1 -1 -1 0 -1 ; CGLMP
1 -1 0 0 0 -1 -1 1 0 1 1 0 1 0 1 -1 0 1 0 1 1 -1 0 -1 -1 ; CGLMP
1 -1 0 0 0 -1 -1 1 0 1 1 0 1 0 1 -1 0 1 1 1 0 -1 -1 -1 0 ; CGLMP
1 -1 0 0 0 -1 -1 1 0 1 1 1 0 0 1 -1 0 0 1 1 1 -1 0 -1 -1 ; CGLMP
1 -1 0 0 0 -1 -1 1 0 1 1 1 0 0 1 -1 0 1 1 0 1 -1 -1 -1 0 ; CGLMP
1 -1 0 0 0 -1 0 0 0 1 0 0 -1 1 1 0 1 1 0 1 1 0 -1 -1 -1 ; CGLMP
1 -1 0 0 0 -1 0 0 0 1 0 0 -1 1 1 0 1 1 1 1 0 -1 -1 0 -1 ; CGLMP
1 -1 0 0 0 -1 0 0 0 1 0 0 -1 1 1 1 0 1 0 1 1 -1 0 -1 -1 ; CGLMP
1 -1 0 0 0 -1 0 0 0 1 0 0 -1 1 1 1 0 1 1 1 0 -1 -1 -1 0 ; CGLMP
1 -1 0 0 0 -1 0 0 0 1 0 0 0 0 1 0 0 0 0 1 0 0 0 0 -1 ; CHSH
1 -1 0 0 0 -1 0 0 0 1 0 0 0 0 1 0 0 1 0 0 0 0 -1 0 0 ; CHSH
1 -1 0 0 0 -1 0 0 0 1 0 0 0 0 1 0 0 1 0 1 0 0 -1 0 -1 ; CHSH
1 -1 0 0 0 -1 0 0 0 1 0 0 0 1 0 0 0 0 0 1 0 0 0 -1 0 ; CHSH
1 -1 0 0 0 -1 0 0 0 1 0 0 0 1 0 0 0 1 0 0 0 -1 0 0 0 ; CHSH
1 -1 0 0 0 -1 0 0 0 1 0 0 0 1 0 0 0 1 0 1 0 -1 0 -1 0 ; CHSH
1 -1 0 0 0 -1 0 0 0 1 0 0 0 1 1 0 0 0 0 1 0 0 0 -1 -1 ; CHSH
1 -1 0 0 0 -1 0 0 0 1 0 0 0 1 1 0 0 1 0 0 0 -1 -1 0 0 ; CHSH
1 -1 0 0 0 -1 0 0 0 1 0 0 0 1 1 0 0 1 0 1 0 -1 -1 -1 -1 ; CHSH
1 -1 0 0 0 -1 0 0 0 1 1 1 0 0 1 -1 0 0 -1 1 0 1 0 0 -1 ; CGLMP
1 -1 0 0 0 -1 0 0 0 1 1 1 0 0 1 -1 0 1 0 0 -1 0 -1 1 0 ; CGLMP
1 -1 0 0 0 -1 0 0 0 1 1 1 0 1 0 0 -1 0 -1 1 0 0 1 -1 0 ; CGLMP
1 -1 0 0 0 -1 0 0 0 1 1 1 0 1 0 0 -1 1 0 0 -1 -1 0 0 1 ; CGLMP
1 -1 0 0 0 0 -1 0 0 0 1 -1 0 1 1 0 1 0 1 1 1 0 -1 -1 -1 ; CGLMP
1 -1 0 0 0 0 -1 0 0 0 1 -1 0 1 1 0 1 1 1 0 1 -1 -1 0 -1 ; CGLMP
1 -1 0 0 0 0 -1 0 0 0 1 -1 0 1 1 1 0 0 1 1 1 -1 0 -1 -1 ; CGLMP
1 -1 0 0 0 0 -1 0 0 0 1 -1 0 1 1 1 0 1 1 0 1 -1 -1 -1 0 ; CGLMP
1 -1 0 0 0 0 -1 0 0 0 1 0 0 0 1 0 0 0 0 0 1 0 0 0 -1 ; CHSH
1 -1 0 0 0 0 -1 0 0 0 1 0 0 0 1 0 0 0 1 0 0 0 -1 0 0 ; CHSH
1 -1 0 0 0 0 -1 0 0 0 1 0 0 0 1 0 0 0 1 0 1 0 -1 0 -1 ; CHSH
1 -1 0 0 0 0 -1 0 0 0 1 0 0 1 0 0 0 0 0 0 1 0 0 -1 0 ; CHSH
1 -1 0 0 0 0 -1 0 0 0 1 0 0 1 0 0 0 0 1 0 0 -1 0 0 0 ; CHSH
1 -1 0 0 0 0 -1 0 0 0 1 0 0 1 0 0 0 0 1 0 1 -1 0 -1 0 ; CHSH
1 -1 0 0 0 0 -1 0 0 0 1 0 0 1 1 0 0 0 0 0 1 0 0 -1 -1 ; CHSH
1 -1 0 0 0 0 -1 0 0 0 1 0 0 1 1 0 0 0 1 0 0 -1 -1 0 0 ; CHSH
1 -1 0 0 0 0 -1 0 0 0 1 0 0 1 1 0 0 0 1 0 1 -1 -1 -1 -1 ; CHSH
1 -1 0 0 0 0 -1 0 0 1 1 0 1 0 1 -1 0 -1 0 0 1 1 0 0 -1 ; CGLMP
1 -1 0 0 0 0 -1 0 0 1 1 0 1 0 1 -1 0 0 1 -1 0 0 -1 1 0 ; CGLMP
1 -1 0 0 0 0 -1 0 0 1 1 0 1 1 0 0 -1 -1 0 0 1 0 1 -1 0 ; CGLMP
1 -1 0 0 0 0 -1 0 0 1 1 0 1 1 0 0 -1 0 1 -1 0 -1 0 0 1 ; CGLMP
1 -1 0 0 0 0 0 -1 -1 0 1 0 0 1 1 0 0 0 -1 0 -1 1 1 1 1 ; CHSH
1 -1 0 0 0 0 0 -1 -1 0 1 0 0 1 1 0 0 0 -1 0 0 1 1 0 0 ; CHSH
1 -1 0 0 0 0 0 -1 -1 0 1 0 0 1 1 0 0 0 0 0 -1 0 0 1 1 ; CHSH
1 -1 0 0 0 0 0 -1 -1 1 0 0 0 1 1 0 0 -1 0 -1 0 1 1 1 1 ; CHSH
1 -1 0 0 0 0 0 -1 -1 1 0 0 0 1 1 0 0 -1 0 0 0 1 1 0 0 ; CHSH
1 -1 0 0 0 0 0 -1 -1 1 0 0 0 1 1 0 0 0 0 -1 0 0 0 1 1 ; CHSH
1 -1 0 0 0 0 0 -1 -1 1 1 0 0 1 1 0 0 -1 -1 -1 -1 1 1 1 1 ; CHSH
1 -1 0 0 0 0 0 -1 -1 1 1 0 0 1 1 0 0 -1 -1 0 0 1 1 0 0 ; CHSH
1 -1 0 0 0 0 0 -1 -1 1 1 0 0 1 1 0 0 0 0 -1 -1 0 0 1 1 ; CHSH
1 -1 0 0 0 0 0 -1 0 0 1 -1 0 1 1 1 0 0 -1 1 0 1 0 0 -1 ; CGLMP
1 -1 0 0 0 0 0 -1 0 0 1 -1 0 1 1 1 0 1 0 0 -1 0 -1 1 0 ; CGLMP
1 -1 0 0 0 0 0 -1 0 0 1 0 0 1 0 0 0 0 -1 0 -1 1 0 1 0 ; CHSH
1 -1 0 0 0 0 0 -1 0 0 1 0 0 1 0 0 0 0 -1 0 0 1 0 0 0 ; CHSH
1 -1 0 0 0 0 0 -1 0 0 1 0 0 1 0 0 0 0 0 0 -1 0 0 1 0 ; CHSH
1 -1 0 0 0 0 0 -1 0 1 0 0 -1 1 1 1 0 -1 0 0 1 1 0 0 -1 ; CGLMP
1 -1 0 0 0 0 0 -1 0 1 0 0 -1 1 1 1 0 0 1 -1 0 0 -1 1 0 ; CGLMP
1 -1 0 0 0 0 0 -1 0 1 0 0 0 1 0 0 0 -1 0 -1 0 1 0 1 0 ; CHSH
1 -1 0 0 0 0 0 -1 0 1 0 0 0 1 0 0 0 -1 0 0 0 1 0 0 0 ; CHSH
1 -1 0 0 0 0 0 -1 0 1 0 0 0 1 0 0 0 0 0 -1 0 0 0 1 0 ; CHSH
1 -1 0 0 0 0 0 -1 0 1 1 0 0 1 0 0 0 -1 -1 -1 -1 1 0 1 0 ; CHSH
1 -1 0 0 0 0 0 -1 0 1 1 0 0 1 0 0 0 -1 -1 0 0 1 0 0 0 ; CHSH
1 -1 0 0 0 0 0 -1 0 1 1 0 0 1 0 0 0 0 0 -1 -1 0 0 1 0 ; CHSH
1 -1 0 0 0 0 0 -1 0 1 1 0 1 1 0 0 -1 -1 -1 0 -1 1 1 1 0 ; CGLMP
1 -1 0 0 0 0 0 -1 0 1 1 0 1 1 0 0 -1 0 -1 -1 -1 1 0 1 1 ; CGLMP
1 -1 0 0 0 0 0 -1 0 1 1 1 0 1 0 0 -1 -1 -1 -1 0 1 1 1 0 ; CGLMP
1 -1 0 0 0 0 0 -1 0 1 1 1 0 1 0 0 -1 -1 0 -1 -1 1 0 1 1 ; CGLMP
1 -1 0 0 0 0 0 0 -1 0 1 -1 0 1 1 0 1 0 -1 1 0 0 1 -1 0 ; CGLMP
1 -1 0 0 0 0 0 0 -1 0 1 -1 0 1 1 0 1 1 0 0 -1 -1 0 0 1 ; CGLMP
1 -1 0 0 0 0 0 0 -1 0 1 0 0 0 1 0 0 0 -1 0 -1 0 1 0 1 ; CHSH
1 -1 0 0 0 0 0 0 -1 0 1 0 0 0 1 0 0 0 -1 0 0 0 1 0 0 ; CHSH
1 -1 0 0 0 0 0 0 -1 0 1 0 0 0 1 0 0 0 0 0 -1 0 0 0 1 ; CHSH
1 -1 0 0 0 0 0 0 -1 1 0 0 -1 1 1 0 1 -1 0 0 1 0 1 -1 0 ; CGLMP
1 -1 0 0 0 0 0 0 -1 1 0 0 -1 1 1 0 1 0 1 -1 0 -1 0 0 1 ; CGLMP
1 -1 0 0 0 0 0 0 -1 1 0 0 0 0 1 0 0 -1 0 -1 0 0 1 0 1 ; CHSH
1 -1 0 0 0 0 0 0 -1 1 0 0 0 0 1 0 0 -1 0 0 0 0 1 0 0 ; CHSH
1 -1 0 0 0 0 0 0 -1 1 0 0 0 0 1 0 0 0 0 -1 0 0 0 0 1 ; CHSH
1 -1 0 0 0 0 0 0 -1 1 1 0 0 0 1 0 0 -1 -1 -1 -1 0 1 0 1 ; CHSH
1 -1 0 0 0 0 0 0 -1 1 1 0 0 0 1 0 0 -1 -1 0 0 0 1 0 0 ; CHSH
1 -1 0 0 0 0 0 0 -1 1 1 0 0 0 1 0 0 0 0 -1 -1 0 0 0 1 ; CHSH
1 -1 0 0 0 0 0 0 -1 1 1 0 1 0 1 -1 0 -1 -1 0 -1 1 1 0 1 ; CGLMP
1 -1 0 0 0 0 0 0 -1 1 1 0 1 0 1 -1 0 0 -1 -1 -1 0 1 1 1 ; CGLMP
1 -1 0 0 0 0 0 0 -1 1 1 1 0 0 1 -1 0 -1 -1 -1 0 1 1 0 1 ; CGLMP
1 -1 0 0 0 0 0 0 -1 1 1 1 0 0 1 -1 0 -1 0 -1 -1 0 1 1 1 ; CGLMP
1 -1 0 0 0 0 1 -1 -1 1 0 0 -1 1 1 0 1 -1 -1 0 -1 1 1 1 0 ; CGLMP
1 -1 0 0 0 0 1 -1 -1 1 0 0 -1 1 1 0 1 0 -1 -1 -1 1 0 1 1 ; CGLMP
1 -1 0 0 0 0 1 -1 -1 1 0 0 -1 1 1 1 0 -1 -1 0 -1 1 1 0 1 ; CGLMP
1 -1 0 0 0 0 1 -1 -1 1 0 0 -1 1 1 1 0 0 -1 -1 -1 0 1 1 1 ; CGLMP
1 -1 0 0 0 1 0 -1 -1 0 1 -1 0 1 1 0 1 -1 -1 -1 0 1 1 1 0 ; CGLMP
1 -1 0 0 0 1 0 -1 -1 0 1 -1 0 1 1 0 1 -1 0 -1 -1 1 0 1 1 ; CGLMP
1 -1 0 0 0 1 0 -1 -1 0 1 -1 0 1 1 1 0 -1 -1 -1 0 1 1 0 1 ; CGLMP
1 -1 0 0 0 1 0 -1 -1 0 1 -1 0 1 1 1 0 -1 0 -1 -1 0 1 1 1 ; CGLMP
1 0 -1 0 0 -1 -1 0 0 0 0 1 1 0 0 0 1 0 0 1 1 0 0 0 -1 ; CHSH
1 0 -1 0 0 -1 -1 0 0 0 0 1 1 0 0 0 1 1 1 0 0 0 -1 0 0 ; CHSH
1 0 -1 0 0 -1 -1 0 0 0 0 1 1 0 0 0 1 1 1 1 1 0 -1 0 -1 ; CHSH
1 0 -1 0 0 -1 -1 0 0 0 0 1 1 0 0 1 0 0 0 1 1 0 0 -1 0 ; CHSH
1 0 -1 0 0 -1 -1 0 0 0 0 1 1 0 0 1 0 1 1 0 0 -1 0 0 0 ; CHSH
1 0 -1 0 0 -1 -1 0 0 0 0 1 1 0 0 1 0 1 1 1 1 -1 0 -1 0 ; CHSH
1 0 -1 0 0 -1 -1 0 0 0 0 1 1 0 0 1 1 0 0 1 1 0 0 -1 -1 ; CHSH
1 0 -1 0 0 -1 -1 0 0 0 0 1 1 0 0 1 1 1 1 0 0 -1 -1 0 0 ; CHSH
1 0 -1 0 0 -1 -1 0 0 0 0 1 1 0 0 1 1 1 1 1 1 -1 -1 -1 -1 ; CHSH
1 0 -1 0 0 -1 -1 0 1 0 1 1 1 0 -1 1 0 1 0 1 1 0 -1 -1 -1 ; CGLMP
1 0 -1 0 0 -1 -1 0 1 0 1 1 1 0 -1 1 0 1 1 1 0 -1 -1 0 -1 ; CGLMP
1 0 -1 0 0 -1 -1 0 1 1 0 1 1 0 -1 1 0 0 1 1 1 0 -1 -1 -1 ; CGLMP
1 0 -1 0 0 -1 -1 0 1 1 0 1 1 0 -1 1 0 1 1 0 1 -1 -1 0 -1 ; CGLMP
1 0 -1 0 0 -1 -1 1 0 0 1 1 1 -1 0 0 1 1 0 1 1 -1 0 -1 -1 ; CGLMP
1 0 -1 0 0 -1 -1 1 0 0 1 1 1 -1 0 0 1 1 1 1 0 -1 -1 -1 0 ; CGLMP
1 0 -1 0 0 -1 -1 1 0 1 0 1 1 -1 0 0 1 0 1 1 1 -1 0 -1 -1 ; CGLMP
1 0 -1 0 0 -1 -1 1 0 1 0 1 1 -1 0 0 1 1 1 0 1 -1 -1 -1 0 ; CGLMP
1 0 -1 0 0 -1 0 0 0 0 -1 1 0 0 1 1 1 1 0 1 1 0 -1 -1 -1 ; CGLMP
1 0 -1 0 0 -1 0 0 0 0 -1 1 0 0 1 1 1 1 1 1 0 -1 -1 0 -1 ; CGLMP
1 0 -1 0 0 -1 0 0 0 0 -1 1 0 1 0 1 1 1 0 1 1 -1 0 -1 -1 ; CGLMP
1 0 -1 0 0 -1 0 0 0 0 -1 1 0 1 0 1 1 1 1 1 0 -1 -1 -1 0 ; CGLMP
1 0 -1 0 0 -1 0 0 0 0 0 1 0 0 0 0 1 0 0 1 0 0 0 0 -1 ; CHSH
1 0 -1 0 0 -1 0 0 0 0 0 1 0 0 0 0 1 1 0 0 0 0 -1 0 0 ; CHSH
1 0 -1 0 0 -1 0 0 0 0 0 1 0 0 0 0 1 1 0 1 0 0 -1 0 -1 ; CHSH
1 0 -1 0 0 -1 0 0 0 0 0 1 0 0 0 1 0 0 0 1 0 0 0 -1 0 ; CHSH
1 0 -1 0 0 -1 0 0 0 0 0 1 0 0 0 1 0 1 0 0 0 -1 0 0 0 ; CHSH
1 0 -1 0 0 -1 0 0 0 0 0 1 0 0 0 1 0 1 0 1 0 -1 0 -1 0 ; CHSH
1 0 -1 0 0 -1 0 0 0 0 0 1 0 0 0 1 1 0 0 1 0 0 0 -1 -1 ; CHSH
1 0 -1 0 0 -1 0 0 0 0 0 1 0 0 0 1 1 1 0 0 0 -1 -1 0 0 ; CHSH
1 0 -1 0 0 -1 0 0 0 0 0 1 0 0 0 1 1 1 0 1 0 -1 -1 -1 -1 ; CHSH
1 0 -1 0 0 -1 0 0 0 1 0 1 1 -1 0 0 1 0 -1 1 0 1 0 0 -1 ; CGLMP
1 0 -1 0 0 -1 0 0 0 1 0 1 1 -1 0 0 1 1 0 0 -1 0 -1 1 0 ; CGLMP
1 0 -1 0 0 -1 0 0 0 1 0 1 1 0 -1 1 0 0 -1 1 0 0 1 -1 0 ; CGLMP
1 0 -1 0 0 -1 0 0 0 1 0 1 1 0 -1 1 0 1 0 0 -1 -1 0 0 1 ; CGLMP
1 0 -1 0 0 0 -1 0 0 -1 0 0 1 0 1 1 1 0 1 1 1 0 -1 -1 -1 ; CGLMP
1 0 -1 0 0 0 -1 0 0 -1 0 0 1 0 1 1 1 1 1 0 1 -1 -1 0 -1 ; CGLMP
1 0 -1 0 0 0 -1 0 0 -1 0 0 1 1 0 1 1 0 1 1 1 -1 0 -1 -1 ; CGLMP
1 0 -1 0 0 0 -1 0 0 -1 0 0 1 1 0 1 1 1 1 0 1 -1 -1 -1 0 ; CGLMP
1 0 -1 0 0 0 -1 0 0 0 0 0 1 0 0 0 1 0 0 0 1 0 0 0 -1 ; CHSH
1 0 -1 0 0 0 -1 0 0 0 0 0 1 0 0 0 1 0 1 0 0 0 -1 0 0 ; CHSH
1 0 -1 0 0 0 -1 0 0 0 0 0 1 0 0 0 1 0 1 0 1 0 -1 0 -1 ; CHSH
1 0 -1 0 0 0 -1 0 0 0 0 0 1 0 0 1 0 0 0 0 1 0 0 -1 0 ; CHSH
1 0 -1 0 0 0 -1 0 0 0 0 0 1 0 0 1 0 0 1 0 0 -1 0 0 0 ; CHSH
1 0 -1 0 0 0 -1 0 0 0 0 0 1 0 0 1 0 0 1 0 1 -1 0 -1 0 ; CHSH
1 0 -1 0 0 0 -1 0 0 0 0 0 1 0 0 1 1 0 0 0 1 0 0 -1 -1 ; CHSH
1 0 -1 0 0 0 -1 0 0 0 0 0 1 0 0 1 1 0 1 0 0 -1 -1 0 0 ; CHSH
1 0 -1 0 0 0 -1 0 0 0 0 0 1 0 0 1 1 0 1 0 1 -1 -1 -1 -1 ; CHSH
1 0 -1 0 0 0 -1 0 0 0 1 1 1 -1 0 0 1 -1 0 0 1 1 0 0 -1 ; CGLMP
1 0 -1 0 0 0 -1 0 0 0 1 1 1 -1 0 0 1 0 1 -1 0 0 -1 1 0 ; CGLMP
1 0 -1 0 0 0 -1 0 0 0 1 1 1 0 -1 1 0 -1 0 0 1 0 1 -1 0 ; CGLMP
1 0 -1 0 0 0 -1 0 0 0 1 1 1 0 -1 1 0 0 1 -1 0 -1 0 0 1 ; CGLMP
1 0 -1 0 0 0 0 -1 -1 0 0 0 1 0 0 1 1 0 -1 0 -1 1 1 1 1 ; CHSH
1 0 -1 0 0 0 0 -1 -1 0 0 0 1 0 0 1 1 0 -1 0 0 1 1 0 0 ; CHSH
1 0 -1 0 0 0 0 -1 -1 0 0 0 1 0 0 1 1 0 0 0 -1 0 0 1 1 ; CHSH
1 0 -1 0 0 0 0 -1 -1 0 0 1 0 0 0 1 1 -1 0 -1 0 1 1 1 1 ; CHSH
1 0 -1 0 0 0 0 -1 -1 0 0 1 0 0 0 1 1 -1 0 0 0 1 1 0 0 ; CHSH
1 0 -1 0 0 0 0 -1 -1 0 0 1 0 0 0 1 1 0 0 -1 0 0 0 1 1 ; CHSH
1 0 -1 0 0 0 0 -1 -1 0 0 1 1 0 0 1 1 -1 -1 -1 -1 1 1 1 1 ; CHSH
1 0 -1 0 0 0 0 -1 -1 0 0 1 1 0 0 1 1 -1 -1 0 0 1 1 0 0 ; CHSH
1 0 -1 0 0 0 0 -1 -1 0 0 1 1 0 0 1 1 0 0 -1 -1 0 0 1 1 ; CHSH
1 0 -1 0 0 0 0 -1 0 -1 0 0 1 1 0 1 1 0 -1 1 0 1 0 0 -1 ; CGLMP
1 0 -1 0 0 0 0 -1 0 -1 0 0 1 1 0 1 1 1 0 0 -1 0 -1 1 0 ; CGLMP
1 0 -1 0 0 0 0 -1 0 0 -1 1 0 1 0 1 1 -1 0 0 1 1 0 0 -1 ; CGLMP
1 0 -1 0 0 0 0 -1 0 0 -1 1 0 1 0 1 1 0 1 -1 0 0 -1 1 0 ; CGLMP
1 0 -1 0 0 0 0 -1 0 0 0 0 1 0 0 1 0 0 -1 0 -1 1 0 1 0 ; CHSH
1 0 -1 0 0 0 0 -1 0 0 0 0 1 0 0 1 0 0 -1 0 0 1 0 0 0 ; CHSH
1 0 -1 0 0 0 0 -1 0 0 0 0 1 0 0 1 0 0 0 0 -1 0 0 1 0 ; CHSH
1 0 -1 0 0 0 0 -1 0 0 0 1 0 0 0 1 0 -1 0 -1 0 1 0 1 0 ; CHSH
1 0 -1 0 0 0 0 -1 0 0 0 1 0 0 0 1 0 -1 0 0 0 1 0 0 0 ; CHSH
1 0 -1 0 0 0 0 -1 0 0 0 1 0 0 0 1 0 0 0 -1 0 0 0 1 0 ; CHSH
1 0 -1 0 0 0 0 -1 0 0 0 1 1 0 0 1 0 -1 -1 -1 -1 1 0 1 0 ; CHSH
1 0 -1 0 0 0 0 -1 0 0 0 1 1 0 0 1 0 -1 -1 0 0 1 0 0 0 ; CHSH
1 0 -1 0 0 0 0 -1 0 0 0 1 1 0 0 1 0 0 0 -1 -1 0 0 1 0 ; CHSH
1 0 -1 0 0 0 0 -1 0 0 1 1 1 0 -1 1 0 -1 -1 0 -1 1 1 1 0 ; CGLMP
1 0 -1 0 0 0 0 -1 0 0 1 1 1 0 -1 1 0 0 -1 -1 -1 1 0 1 1 ; CGLMP
1 0 -1 0 0 0 0 -1 0 1 0 1 1 0 -1 1 0 -1 -1 -1 0 1 1 1 0 ; CGLMP
1 0 -1 0 0 0 0 -1 0 1 0 1 1 0 -1 1 0 -1 0 -1 -1 1 0 1 1 ; CGLMP
1 0 -1 0 0 0 0 0 -1 -1 0 0 1 0 1 1 1 0 -1 1 0 0 1 -1 0 ; CGLMP
1 0 -1 0 0 0 0 0 -1 -1 0 0 1 0 1 1 1 1 0 0 -1 -1 0 0 1 ; CGLMP
1 0 -1 0 0 0 0 0 -1 0 -1 1 0 0 1 1 1 -1 0 0 1 0 1 -1 0 ; CGLMP
1 0 -1 0 0 0 0 0 -1 0 -1 1 0 0 1 1 1 0 1 -1 0 -1 0 0 1 ; CGLMP
1 0 -1 0 0 0 0 0 -1 0 0 0 1 0 0 0 1 0 -1 0 -1 0 1 0 1 ; CHSH
1 0 -1 0 0 0 0 0 -1 0 0 0 1 0 0 0 1 0 -1 0 0 0 1 0 0 ; CHSH
1 0 -1 0 0 0 0 0 -1 0 0 0 1 0 0 0 1 0 0 0 -1 0 0 0 1 ; CHSH
1 0 -1 0 0 0 0 0 -1 0 0 1 0 0 0 0 1 -1 0 -1 0 0 1 0 1 ; CHSH
1 0 -1 0 0 0 0 0 -1 0 0 1 0 0 0 0 1 -1 0 0 0 0 1 0 0 ; CHSH
1 0 -1 0 0 0 0 0 -1 0 0 1 0 0 0 0 1 0 0 -1 0 0 0 0 1 ; CHSH
1 0 -1 0 0 0 0 0 -1 0 0 1 1 0 0 0 1 -1 -1 -1 -1 0 1 0 1 ; CHSH
1 0 -1 0 0 0 0 0 -1 0 0 1 1 0 0 0 1 -1 -1 0 0 0 1 0 0 ; CHSH
1 0 -1 0 0 0 0 0 -1 0 0 1 1 0 0 0 1 0 0 -1 -1 0 0 0 1 ; CHSH
1 0 -1 0 0 0 0 0 -1 0 1 1 1 -1 0 0 1 -1 -1 0 -1 1 1 0 1 ; CGLMP
1 0 -1 0 0 0 0 0 -1 0 1 1 1 -1 0 0 1 0 -1 -1 -1 0 1 1 1 ; CGLMP
1 0 -1 0 0 0 0 0 -1 1 0 1 1 -1 0 0 1 -1 -1 -1 0 1 1 0 1 ; CGLMP
1 0 -1 0 0 0 0 0 -1 1 0 1 1 -1 0 0 1 -1 0 -1 -1 0 1 1 1 ; CGLMP
1 0 -1 0 0 0 1 -1 -1 0 -1 1 0 0 1 1 1 -1 -1 0 -1 1 1 1 0 ; CGLMP
1 0 -1 0 0 0 1 -1 -1 0 -1 1 0 0 1 1 1 0 -1 -1 -1 1 0 1 1 ; CGLMP
1 0 -1 0 0 0 1 -1 -1 0 -1 1 0 1 0 1 1 -1 -1 0 -1 1 1 0 1 ; CGLMP
1 0 -1 0 0 0 1 -1 -1 0 -1 1 0 1 0 1 1 0 -1 -1 -1 0 1 1 1 ; CGLMP
1 0 -1 0 0 1 0 -1 -1 -1 0 0 1 0 1 1 1 -1 -1 -1 0 1 1 1 0 ; CGLMP
1 0 -1 0 0 1 0 -1 -1 -1 0 0 1 0 1 1 1 -1 0 -1 -1 1 0 1 1 ; CGLMP
1 0 -1 0 0 1 0 -1 -1 -1 0 0 1 1 0 1 1 -1 -1 -1 0 1 1 0 1 ; CGLMP
1 0 -1 0 0 1 0 -1 -1 -1 0 0 1 1 0 1 1 -1 0 -1 -1 0 1 1 1 ; CGLMP
1 0 0 -1 -1 -1 -1 0 0 0 0 0 0 0 0 0 0 1 1 1 1 0 0 0 0 ; positivity
1 0 0 -1 -1 -1 -1 0 0 0 0 1 1 0 0 -1 -1 1 1 1 1 1 1 1 1 ; CHSH
1 0 0 -1 -1 -1 -1 0 0 0 0 1 1 0 0 -1 0 1 1 1 1 1 0 1 0 ; CHSH
1 0 0 -1 -1 -1 -1 0 0 0 0 1 1 0 0 0 -1 1 1 1 1 0 1 0 1 ; CHSH
1 0 0 -1 -1 -1 -1 0 0 1 1 0 0 -1 -1 0 0 1 1 1 1 1 1 1 1 ; CHSH
1 0 0 -1 -1 -1 -1 0 0 1 1 0 0 -1 0 0 0 1 1 1 1 1 0 1 0 ; CHSH
1 0 0 -1 -1 -1 -1 0 0 1 1 0 0 0 -1 0 0 1 1 1 1 0 1 0 1 ; CHSH
1 0 0 -1 -1 -1 -1 0 0 1 1 1 1 -1 -1 -1 -1 1 1 1 1 1 1 1 1 ; CHSH
1 0 0 -1 -1 -1 -1 0 0 1 1 1 1 -1 0 -1 0 1 1 1 1 1 0 1 0 ; CHSH
1 0 0 -1 -1 -1 -1 0 0 1 1 1 1 0 -1 0 -1 1 1 1 1 0 1 0 1 ; CHSH
1 0 0 -1 -1 -1 0 0 0 0 0 1 0 0 0 -1 -1 1 0 1 0 1 1 1 1 ; CHSH
1 0 0 -1 -1 -1 0 0 0 0 0 1 0 0 0 -1 0 1 0 1 0 1 0 1 0 ; CHSH
1 0 0 -1 -1 -1 0 0 0 0 0 1 0 0 0 0 -1 1 0 1 0 0 1 0 1 ; CHSH
1 0 0 -1 -1 -1 0 0 0 1 0 0 0 -1 -1 0 0 1 0 1 0 1 1 1 1 ; CHSH
1 0 0 -1 -1 -1 0 0 0 1 0 0 0 -1 0 0 0 1 0 1 0 1 0 1 0 ; CHSH
1 0 0 -1 -1 -1 0 0 0 1 0 0 0 0 -1 0 0 1 0 1 0 0 1 0 1 ; CHSH
1 0 0 -1 -1 -1 0 0 0 1 0 1 0 -1 -1 -1 -1 1 0 1 0 1 1 1 1 ; CHSH
1 0 0 -1 -1 -1 0 0 0 1 0 1 0 -1 0 -1 0 1 0 1 0 1 0 1 0 ; CHSH
1 0 0 -1 -1 -1 0 0 0 1 0 1 0 0 -1 0 -1 1 0 1 0 0 1 0 1 ; CHSH
1 0 0 -1 -1 0 -1 0 0 0 0 0 1 0 0 -1 -1 0 1 0 1 1 1 1 1 ; CHSH
1 0 0 -1 -1 0 -1 0 0 0 0 0 1 0 0 -1 0 0 1 0 1 1 0 1 0 ; CHSH
1 0 0 -1 -1 0 -1 0 0 0 0 0 1 0 0 0 -1 0 1 0 1 0 1 0 1 ; CHSH
1 0 0 -1 -1 0 -1 0 0 0 1 0 0 -1 -1 0 0 0 1 0 1 1 1 1 1 ; CHSH
1 0 0 -1 -1 0 -1 0 0 0 1 0 0 -1 0 0 0 0 1 0 1 1 0 1 0 ; CHSH
1 0 0 -1 -1 0 -1 0 0 0 1 0 0 0 -1 0 0 0 1 0 1 0 1 0 1 ; CHSH
1 0 0 -1 -1 0 -1 0 0 0 1 0 1 -1 -1 -1 -1 0 1 0 1 1 1 1 1 ; CHSH
1 0 0 -1 -1 0 -1 0 0 0 1 0 1 -1 0 -1 0 0 1 0 1 1 0 1 0 ; CHSH
1 0 0 -1 -1 0 -1 0 0 0 1 0 1 0 -1 0 -1 0 1 0 1 0 1 0 1 ; CHSH
1 0 0 -1 -1 0 0 -1 -1 -1 -1 -1 -1 1 1 1 1 1 1 1 1 1 1 1 1 ; CHSH
1 0 0 -1 -1 0 0 -1 -1 -1 -1 0 0 1 1 0 0 1 1 1 1 1 1 1 1 ; CHSH
1 0 0 -1 -1 0 0 -1 -1 -1 0 -1 0 1 1 1 1 1 0 1 0 1 1 1 1 ; CHSH
1 0 0 -1 -1 0 0 -1 -1 -1 0 0 0 1 1 0 0 1 0 1 0 1 1 1 1 ; CHSH
1 0 0 -1 -1 0 0 -1 -1 0 -1 0 -1 1 1 1 1 0 1 0 1 1 1 1 1 ; CHSH
1 0 0 -1 -1 0 0 -1 -1 0 -1 0 0 1 1 0 0 0 1 0 1 1 1 1 1 ; CHSH
1 0 0 -1 -1 0 0 -1 -1 0 0 -1 -1 0 0 1 1 1 1 1 1 1 1 1 1 ; CHSH
1 0 0 -1 -1 0 0 -1 -1 0 0 -1 0 0 0 1 1 1 0 1 0 1 1 1 1 ; CHSH
1 0 0 -1 -1 0 0 -1 -1 0 0 0 -1 0 0 1 1 0 1 0 1 1 1 1 1 ; CHSH
1 0 0 -1 -1 0 0 -1 -1 0 0 0 0 0 0 0 0 0 0 0 0 1 1 1 1 ; positivity
1 0 0 -1 -1 0 0 -1 0 -1 -1 -1 -1 1 0 1 0 1 1 1 1 1 0 1 0 ; CHSH
1 0 0 -1 -1 0 0 -1 0 -1 -1 0 0 1 0 0 0 1 1 1 1 1 0 1 0 ; CHSH
1 0 0 -1 -1 0 0 -1 0 -1 0 -1 0 1 0 1 0 1 0 1 0 1 0 1 0 ; CHSH
1 0 0 -1 -1 0 0 -1 0 -1 0 0 0 1 0 0 0 1 0 1 0 1 0 1 0 ; CHSH
1 0 0 -1 -1 0 0 -1 0 0 -1 0 -1 1 0 1 0 0 1 0 1 1 0 1 0 ; CHSH
1 0 0 -1 -1 0 0 -1 0 0 -1 0 0 1 0 0 0 0 1 0 1 1 0 1 0 ; CHSH
1 0 0 -1 -1 0 0 -1 0 0 0 -1 -1 0 0 1 0 1 1 1 1 1 0 1 0 ; CHSH
1 0 0 -1 -1 0 0 -1 0 0 0 -1 0 0 0 1 0 1 0 1 0 1 0 1 0 ; CHSH
1 0 0 -1 -1 0 0 -1 0 0 0 0 -1 0 0 1 0 0 1 0 1 1 0 1 0 ; CHSH
1 0 0 -1 -1 0 0 0 -1 -1 -1 -1 -1 0 1 0 1 1 1 1 1 0 1 0 1 ; CHSH
1 0 0 -1 -1 0 0 0 -1 -1 -1 0 0 0 1 0 0 1 1 1 1 0 1 0 1 ; CHSH
1 0 0 -1 -1 0 0 0 -1 -1 0 -1 0 0 1 0 1 1 0 1 0 0 1 0 1 ; CHSH
1 0 0 -1 -1 0 0 0 -1 -1 0 0 0 0 1 0 0 1 0 1 0 0 1 0 1 ; CHSH
1 0 0 -1 -1 0 0 0 -1 0 -1 0 -1 0 1 0 1 0 1 0 1 0 1 0 1 ; CHSH
1 0 0 -1 -1 0 0 0 -1 0 -1 0 0 0 1 0 0 0 1 0 1 0 1 0 1 ; CHSH
1 0 0 -1 -1 0 0 0 -1 0 0 -1 -1 0 0 0 1 1 1 1 1 0 1 0 1 ; CHSH
1 0 0 -1 -1 0 0 0 -1 0 0 -1 0 0 0 0 1 1 0 1 0 0 1 0 1 ; CHSH
1 0 0 -1 -1 0 0 0 -1 0 0 0 -1 0 0 0 1 0 1 0 1 0 1 0 1 ; CHSH
1 0 0 -1 0 -1 -1 0 0 0 0 1 1 0 0 -1 -1 1 1 0 0 1 1 0 0 ; CHSH
1 0 0 -1 0 -1 -1 0 0 0 0 1 1 0 0 -1 0 1 1 0 0 1 0 0 0 ; CHSH
1 0 0 -1 0 -1 -1 0 0 0 0 1 1 0 0 0 -1 1 1 0 0 0 1 0 0 ; CHSH
1 0 0 -1 0 -1 -1 0 0 1 1 0 0 -1 -1 0 0 1 1 0 0 1 1 0 0 ; CHSH
1 0 0 -1 0 -1 -1 0 0 1 1 0 0 -1 0 0 0 1 1 0 0 1 0 0 0 ; CHSH
1 0 0 -1 0 -1 -1 0 0 1 1 0 0 0 -1 0 0 1 1 0 0 0 1 0 0 ; CHSH
1 0 0 -1 0 -1 -1 0 0 1 1 1 1 -1 -1 -1 -1 1 1 0 0 1 1 0 0 ; CHSH
1 0 0 -1 0 -1 -1 0 0 1 1 1 1 -1 0 -1 0 1 1 0 0 1 0 0 0 ; CHSH
1 0 0 -1 0 -1 -1 0 0 1 1 1 1 0 -1 0 -1 1 1 0 0 0 1 0 0 ; CHSH
1 0 0 -1 0 -1 -1 0 1 0 1 1 1 0 -1 -1 -1 1 1 1 0 1 0 0 -1 ; CGLMP
1 0 0 -1 0 -1 -1 0 1 1 0 1 1 0 -1 -1 -1 1 1 0 1 1 0 0 -1 ; CGLMP
1 0 0 -1 0 -1 -1 0 1 1 1 0 1 -1 -1 0 -1 1 1 1 0 1 0 0 -1 ; CGLMP
1 0 0 -1 0 -1 -1 0 1 1 1 1 0 -1 -1 0 -1 1 1 0 1 1 0 0 -1 ; CGLMP
1 0 0 -1 0 -1 -1 1 0 0 1 1 1 -1 0 -1 -1 1 1 1 0 0 1 -1 0 ; CGLMP
1 0 0 -1 0 -1 -1 1 0 1 0 1 1 -1 0 -1 -1 1 1 0 1 0 1 -1 0 ; CGLMP
1 0 0 -1 0 -1 -1 1 0 1 1 0 1 -1 -1 -1 0 1 1 1 0 0 1 -1 0 ; CGLMP
1 0 0 -1 0 -1 -1 1 0 1 1 1 0 -1 -1 -1 0 1 1 0 1 0 1 -1 0 ; CGLMP
1 0 0 -1 0 -1 0 0 0 0 -1 1 0 0 1 -1 0 1 1 1 0 1 0 0 -1 ; CGLMP
1 0 0 -1 0 -1 0 0 0 0 -1 1 0 1 0 0 -1 1 1 1 0 0 1 -1 0 ; CGLMP
1 0 0 -1 0 -1 0 0 0 0 0 1 0 0 0 -1 -1 1 0 0 0 1 1 0 0 ; CHSH
1 0 0 -1 0 -1 0 0 0 0 0 1 0 0 0 -1 0 1 0 0 0 1 0 0 0 ; CHSH
1 0 0 -1 0 -1 0 0 0 0 0 1 0 0 0 0 -1 1 0 0 0 0 1 0 0 ; CHSH
1 0 0 -1 0 -1 0 0 0 1 0 0 -1 -1 0 0 1 1 1 1 0 1 0 0 -1 ; CGLMP
1 0 0 -1 0 -1 0 0 0 1 0 0 -1 0 -1 1 0 1 1 1 0 0 1 -1 0 ; CGLMP
1 0 0 -1 0 -1 0 0 0 1 0 0 0 -1 -1 0 0 1 0 0 0 1 1 0 0 ; CHSH
1 0 0 -1 0 -1 0 0 0 1 0 0 0 -1 0 0 0 1 0 0 0 1 0 0 0 ; CHSH
1 0 0 -1 0 -1 0 0 0 1 0 0 0 0 -1 0 0 1 0 0 0 0 1 0 0 ; CHSH
1 0 0 -1 0 -1 0 0 0 1 0 1 0 -1 -1 -1 -1 1 0 0 0 1 1 0 0 ; CHSH
1 0 0 -1 0 -1 0 0 0 1 0 1 0 -1 0 -1 0 1 0 0 0 1 0 0 0 ; CHSH
1 0 0 -1 0 -1 0 0 0 1 0 1 0 0 -1 0 -1 1 0 0 0 0 1 0 0 ; CHSH
1 0 0 -1 0 -1 0 0 0 1 0 1 1 -1 0 -1 -1 1 0 0 -1 1 1 1 0 ; CGLMP
1 0 0 -1 0 -1 0 0 0 1 0 1 1 0 -1 -1 -1 1 0 0 -1 1 1 0 1 ; CGLMP
1 0 0 -1 0 -1 0 0 0 1 1 1 0 -1 -1 -1 0 1 0 0 -1 1 1 1 0 ; CGLMP
1 0 0 -1 0 -1 0 0 0 1 1 1 0 -1 -1 0 -1 1 0 0 -1 1 1 0 1 ; CGLMP
1 0 0 -1 0 0 -1 0 0 -1 0 0 1 0 1 -1 0 1 1 0 1 1 0 0 -1 ; CGLMP
1 0 0 -1 0 0 -1 0 0 -1 0 0 1 1 0 0 -1 1 1 0 1 0 1 -1 0 ; CGLMP
1 0 0 -1 0 0 -1 0 0 0 0 0 1 0 0 -1 -1 0 1 0 0 1 1 0 0 ; CHSH
1 0 0 -1 0 0 -1 0 0 0 0 0 1 0 0 -1 0 0 1 0 0 1 0 0 0 ; CHSH
1 0 0 -1 0 0 -1 0 0 0 0 0 1 0 0 0 -1 0 1 0 0 0 1 0 0 ; CHSH
1 0 0 -1 0 0 -1 0 0 0 1 -1 0 -1 0 0 1 1 1 0 1 1 0 0 -1 ; CGLMP
1 0 0 -1 0 0 -1 0 0 0 1 -1 0 0 -1 1 0 1 1 0 1 0 1 -1 0 ; CGLMP
1 0 0 -1 0 0 -1 0 0 0 1 0 0 -1 -1 0 0 0 1 0 0 1 1 0 0 ; CHSH
1 0 0 -1 0 0 -1 0 0 0 1 0 0 -1 0 0 0 0 1 0 0 1 0 0 0 ; CHSH
1 0 0 -1 0 0 -1 0 0 0 1 0 0 0 -1 0 0 0 1 0 0 0 1 0 0 ; CHSH
1 0 0 -1 0 0 -1 0 0 0 1 0 1 -1 -1 -1 -1 0 1 0 0 1 1 0 0 ; CHSH
1 0 0 -1 0 0 -1 0 0 0 1 0 1 -1 0 -1 0 0 1 0 0 1 0 0 0 ; CHSH
1 0 0 -1 0 0 -1 0 0 0 1 0 1 0 -1 0 -1 0 1 0 0 0 1 0 0 ; CHSH
1 0 0 -1 0 0 -1 0 0 0 1 1 1 -1 0 -1 -1 0 1 -1 0 1 1 1 0 ; CGLMP
1 0 0 -1 0 0 -1 0 0 0 1 1 1 0 -1 -1 -1 0 1 -1 0 1 1 0 1 ; CGLMP
1 0 0 -1 0 0 -1 0 0 1 1 0 1 -1 -1 -1 0 0 1 -1 0 1 1 1 0 ; CGLMP
1 0 0 -1 0 0 -1 0 0 1 1 0 1 -1 -1 0 -1 0 1 -1 0 1 1 0 1 ; CGLMP
1 0 0 -1 0 0 0 -1 -1 -1 -1 -1 -1 1 1 1 1 1 1 0 0 1 1 0 0 ; CHSH
1 0 0 -1 0 0 0 -1 -1 -1 -1 0 0 1 1 0 0 1 1 0 0 1 1 0 0 ; CHSH
1 0 0 -1 0 0 0 -1 -1 -1 0 -1 0 1 1 1 1 1 0 0 0 1 1 0 0 ; CHSH
1 0 0 -1 0 0 0 -1 -1 -1 0 0 0 1 1 0 0 1 0 0 0 1 1 0 0 ; CHSH
1 0 0 -1 0 0 0 -1 -1 0 -1 0 -1 1 1 1 1 0 1 0 0 1 1 0 0 ; CHSH
1 0 0 -1 0 0 0 -1 -1 0 -1 0 0 1 1 0 0 0 1 0 0 1 1 0 0 ; CHSH
1 0 0 -1 0 0 0 -1 -1 0 0 -1 -1 0 0 1 1 1 1 0 0 1 1 0 0 ; CHSH
1 0 0 -1 0 0 0 -1 -1 0 0 -1 0 0 0 1 1 1 0 0 0 1 1 0 0 ; CHSH
1 0 0 -1 0 0 0 -1 -1 0 0 0 -1 0 0 1 1 0 1 0 0 1 1 0 0 ; CHSH
1 0 0 -1 0 0 0 -1 0 -1 -1 -1 -1 1 0 1 0 1 1 0 0 1 0 0 0 ; CHSH
1 0 0 -1 0 0 0 -1 0 -1 -1 -1 0 1 1 1 0 1 1 1 0 1 0 0 -1 ; CGLMP
1 0 0 -1 0 0 0 -1 0 -1 -1 0 -1 1 1 1 0 1 1 0 1 1 0 0 -1 ; CGLMP
1 0 0 -1 0 0 0 -1 0 -1 -1 0 0 1 0 0 0 1 1 0 0 1 0 0 0 ; CHSH
1 0 0 -1 0 0 0 -1 0 -1 0 -1 -1 1 0 1 1 1 1 1 0 1 0 0 -1 ; CGLMP
1 0 0 -1 0 0 0 -1 0 -1 0 -1 0 1 0 1 0 1 0 0 0 1 0 0 0 ; CHSH
1 0 0 -1 0 0 0 -1 0 -1 0 0 0 1 0 0 0 1 0 0 0 1 0 0 0 ; CHSH
1 0 0 -1 0 0 0 -1 0 -1 0 0 1 1 0 0 -1 1 0 0 -1 1 1 1 0 ; CGLMP
1 0 0 -1 0 0 0 -1 0 0 -1 -1 -1 1 0 1 1 1 1 0 1 1 0 0 -1 ; CGLMP
1 0 0 -1 0 0 0 -1 0 0 -1 0 -1 1 0 1 0 0 1 0 0 1 0 0 0 ; CHSH
1 0 0 -1 0 0 0 -1 0 0 -1 0 0 1 0 0 0 0 1 0 0 1 0 0 0 ; CHSH
1 0 0 -1 0 0 0 -1 0 0 -1 1 0 1 0 0 -1 0 1 -1 0 1 1 1 0 ; CGLMP
1 0 0 -1 0 0 0 -1 0 0 0 -1 -1 0 0 1 0 1 1 0 0 1 0 0 0 ; CHSH
1 0 0 -1 0 0 0 -1 0 0 0 -1 0 0 0 1 0 1 0 0 0 1 0 0 0 ; CHSH
1 0 0 -1 0 0 0 -1 0 0 0 0 -1 0 0 1 0 0 1 0 0 1 0 0 0 ; CHSH
1 0 0 -1 0 0 0 -1 0 0 1 -1 0 0 -1 1 0 1 0 0 -1 1 1 1 0 ; CGLMP
1 0 0 -1 0 0 0 -1 0 1 0 0 -1 0 -1 1 0 0 1 -1 0 1 1 1 0 ; CGLMP
1 0 0 -1 0 0 0 0 -1 -1 -1 -1 -1 0 1 0 1 1 1 0 0 0 1 0 0 ; CHSH
1 0 0 -1 0 0 0 0 -1 -1 -1 -1 0 1 1 0 1 1 1 1 0 0 1 -1 0 ; CGLMP
1 0 0 -1 0 0 0 0 -1 -1 -1 0 -1 1 1 0 1 1 1 0 1 0 1 -1 0 ; CGLMP
1 0 0 -1 0 0 0 0 -1 -1 -1 0 0 0 1 0 0 1 1 0 0 0 1 0 0 ; CHSH
1 0 0 -1 0 0 0 0 -1 -1 0 -1 -1 0 1 1 1 1 1 1 0 0 1 -1 0 ; CGLMP
1 0 0 -1 0 0 0 0 -1 -1 0 -1 0 0 1 0 1 1 0 0 0 0 1 0 0 ; CHSH
1 0 0 -1 0 0 0 0 -1 -1 0 0 0 0 1 0 0 1 0 0 0 0 1 0 0 ; CHSH
1 0 0 -1 0 0 0 0 -1 -1 0 0 1 0 1 -1 0 1 0 0 -1 1 1 0 1 ; CGLMP
1 0 0 -1 0 0 0 0 -1 0 -1 -1 -1 0 1 1 1 1 1 0 1 0 1 -1 0 ; CGLMP
1 0 0 -1 0 0 0 0 -1 0 -1 0 -1 0 1 0 1 0 1 0 0 0 1 0 0 ; CHSH
1 0 0 -1 0 0 0 0 -1 0 -1 0 0 0 1 0 0 0 1 0 0 0 1 0 0 ; CHSH
1 0 0 -1 0 0 0 0 -1 0 -1 1 0 0 1 -1 0 0 1 -1 0 1 1 0 1 ; CGLMP
1 0 0 -1 0 0 0 0 -1 0 0 -1 -1 0 0 0 1 1 1 0 0 0 1 0 0 ; CHSH
1 0 0 -1 0 0 0 0 -1 0 0 -1 0 0 0 0 1 1 0 0 0 0 1 0 0 ; CHSH
1 0 0 -1 0 0 0 0 -1 0 0 0 -1 0 0 0 1 0 1 0 0 0 1 0 0 ; CHSH
1 0 0 -1 0 0 0 0 -1 0 1 -1 0 -1 0 0 1 1 0 0 -1 1 1 0 1 ; CGLMP
1 0 0 -1 0 0 0 0 -1 1 0 0 -1 -1 0 0 1 0 1 -1 0 1 1 0 1 ; CGLMP
1 0 0 -1 0 0 1 -1 -1 -1 -1 0 -1 1 1 0 1 1 0 0 -1 1 1 1 0 ; CGLMP
1 0 0 -1 0 0 1 -1 -1 -1 -1 0 -1 1 1 1 0 1 0 0 -1 1 1 0 1 ; CGLMP
1 0 0 -1 0 0 1 -1 -1 0 -1 -1 -1 0 1 1 1 1 0 0 -1 1 1 1 0 ; CGLMP
1 0 0 -1 0 0 1 -1 -1 0 -1 -1 -1 1 0 1 1 1 0 0 -1 1 1 0 1 ; CGLMP
1 0 0 -1 0 1 0 -1 -1 -1 -1 -1 0 1 1 0 1 0 1 -1 0 1 1 1 0 ; CGLMP
1 0 0 -1 0 1 0 -1 -1 -1 -1 -1 0 1 1 1 0 0 1 -1 0 1 1 0 1 ; CGLMP
1 0 0 -1 0 1 0 -1 -1 -1 0 -1 -1 0 1 1 1 0 1 -1 0 1 1 1 0 ; CGLMP
1 0 0 -1 0 1 0 -1 -1 -1 0 -1 -1 1 0 1 1 0 1 -1 0 1 1 0 1 ; CGLMP
1 0 0 0 -1 -1 -1 0 0 0 0 1 1 0 0 -1 -1 0 0 1 1 0 0 1 1 ; CHSH
1 0 0 0 -1 -1 -1 0 0 0 0 1 1 0 0 -1 0 0 0 1 1 0 0 1 0 ; CHSH
1 0 0 0 -1 -1 -1 0 0 0 0 1 1 0 0 0 -1 0 0 1 1 0 0 0 1 ; CHSH
1 0 0 0 -1 -1 -1 0 0 1 1 0 0 -1 -1 0 0 0 0 1 1 0 0 1 1 ; CHSH
1 0 0 0 -1 -1 -1 0 0 1 1 0 0 -1 0 0 0 0 0 1 1 0 0 1 0 ; CHSH
1 0 0 0 -1 -1 -1 0 0 1 1 0 0 0 -1 0 0 0 0 1 1 0 0 0 1 ; CHSH
1 0 0 0 -1 -1 -1 0 0 1 1 1 1 -1 -1 -1 -1 0 0 1 1 0 0 1 1 ; CHSH
1 0 0 0 -1 -1 -1 0 0 1 1 1 1 -1 0 -1 0 0 0 1 1 0 0 1 0 ; CHSH
1 0 0 0 -1 -1 -1 0 0 1 1 1 1 0 -1 0 -1 0 0 1 1 0 0 0 1 ; CHSH
1 0 0 0 -1 -1 -1 0 1 0 1 1 1 0 -1 -1 -1 1 0 1 1 0 -1 1 0 ; CGLMP
1 0 0 0 -1 -1 -1 0 1 1 0 1 1 0 -1 -1 -1 0 1 1 1 0 -1 1 0 ; CGLMP
1 0 0 0 -1 -1 -1 0 1 1 1 0 1 -1 -1 0 -1 1 0 1 1 0 -1 1 0 ; CGLMP
1 0 0 0 -1 -1 -1 0 1 1 1 1 0 -1 -1 0 -1 0 1 1 1 0 -1 1 0 ; CGLMP
1 0 0 0 -1 -1 -1 1 0 0 1 1 1 -1 0 -1 -1 1 0 1 1 -1 0 0 1 ; CGLMP
1 0 0 0 -1 -1 -1 1 0 1 0 1 1 -1 0 -1 -1 0 1 1 1 -1 0 0 1 ; CGLMP
1 0 0 0 -1 -1 -1 1 0 1 1 0 1 -1 -1 -1 0 1 0 1 1 -1 0 0 1 ; CGLMP
1 0 0 0 -1 -1 -1 1 0 1 1 1 0 -1 -1 -1 0 0 1 1 1 -1 0 0 1 ; CGLMP
1 0 0 0 -1 -1 0 0 0 0 -1 1 0 0 1 -1 0 1 0 1 1 0 -1 1 0 ; CGLMP
1 0 0 0 -1 -1 0 0 0 0 -1 1 0 1 0 0 -1 1 0 1 1 -1 0 0 1 ; CGLMP
1 0 0 0 -1 -1 0 0 0 0 0 1 0 0 0 -1 -1 0 0 1 0 0 0 1 1 ; CHSH
1 0 0 0 -1 -1 0 0 0 0 0 1 0 0 0 -1 0 0 0 1 0 0 0 1 0 ; CHSH
1 0 0 0 -1 -1 0 0 0 0 0 1 0 0 0 0 -1 0 0 1 0 0 0 0 1 ; CHSH
1 0 0 0 -1 -1 0 0 0 1 0 0 -1 -1 0 0 1 1 0 1 1 0 -1 1 0 ; CGLMP
1 0 0 0 -1 -1 0 0 0 1 0 0 -1 0 -1 1 0 1 0 1 1 -1 0 0 1 ; CGLMP
1 0 0 0 -1 -1 0 0 0 1 0 0 0 -1 -1 0 0 0 0 1 0 0 0 1 1 ; CHSH
1 0 0 0 -1 -1 0 0 0 1 0 0 0 -1 0 0 0 0 0 1 0 0 0 1 0 ; CHSH
1 0 0 0 -1 -1 0 0 0 1 0 0 0 0 -1 0 0 0 0 1 0 0 0 0 1 ; CHSH
1 0 0 0 -1 -1 0 0 0 1 0 1 0 -1 -1 -1 -1 0 0 1 0 0 0 1 1 ; CHSH
1 0 0 0 -1 -1 0 0 0 1 0 1 0 -1 0 -1 0 0 0 1 0 0 0 1 0 ; CHSH
1 0 0 0 -1 -1 0 0 0 1 0 1 0 0 -1 0 -1 0 0 1 0 0 0 0 1 ; CHSH
1 0 0 0 -1 -1 0 0 0 1 0 1 1 -1 0 -1 -1 0 -1 1 0 1 0 1 1 ; CGLMP
1 0 0 0 -1 -1 0 0 0 1 0 1 1 0 -1 -1 -1 0 -1 1 0 0 1 1 1 ; CGLMP
1 0 0 0 -1 -1 0 0 0 1 1 1 0 -1 -1 -1 0 0 -1 1 0 1 0 1 1 ; CGLMP
1 0 0 0 -1 -1 0 0 0 1 1 1 0 -1 -1 0 -1 0 -1 1 0 0 1 1 1 ; CGLMP
1 0 0 0 -1 0 -1 0 0 -1 0 0 1 0 1 -1 0 0 1 1 1 0 -1 1 0 ; CGLMP
1 0 0 0 -1 0 -1 0 0 -1 0 0 1 1 0 0 -1 0 1 1 1 -1 0 0 1 ; CGLMP
1 0 0 0 -1 0 -1 0 0 0 0 0 1 0 0 -1 -1 0 0 0 1 0 0 1 1 ; CHSH
1 0 0 0 -1 0 -1 0 0 0 0 0 1 0 0 -1 0 0 0 0 1 0 0 1 0 ; CHSH
1 0 0 0 -1 0 -1 0 0 0 0 0 1 0 0 0 -1 0 0 0 1 0 0 0 1 ; CHSH
1 0 0 0 -1 0 -1 0 0 0 1 -1 0 -1 0 0 1 0 1 1 1 0 -1 1 0 ; CGLMP
1 0 0 0 -1 0 -1 0 0 0 1 -1 0 0 -1 1 0 0 1 1 1 -1 0 0 1 ; CGLMP
1 0 0 0 -1 0 -1 0 0 0 1 0 0 -1 -1 0 0 0 0 0 1 0 0 1 1 ; CHSH
1 0 0 0 -1 0 -1 0 0 0 1 0 0 -1 0 0 0 0 0 0 1 0 0 1 0 ; CHSH
1 0 0 0 -1 0 -1 0 0 0 1 0 0 0 -1 0 0 0 0 0 1 0 0 0 1 ; CHSH
1 0 0 0 -1 0 -1 0 0 0 1 0 1 -1 -1 -1 -1 0 0 0 1 0 0 1 1 ; CHSH
1 0 0 0 -1 0 -1 0 0 0 1 0 1 -1 0 -1 0 0 0 0 1 0 0 1 0 ; CHSH
1 0 0 0 -1 0 -1 0 0 0 1 0 1 0 -1 0 -1 0 0 0 1 0 0 0 1 ; CHSH
1 0 0 0 -1 0 -1 0 0 0 1 1 1 -1 0 -1 -1 -1 0 0 1 1 0 1 1 ; CGLMP
1 0 0 0 -1 0 -1 0 0 0 1 1 1 0 -1 -1 -1 -1 0 0 1 0 1 1 1 ; CGLMP
1 0 0 0 -1 0 -1 0 0 1 1 0 1 -1 -1 -1 0 -1 0 0 1 1 0 1 1 ; CGLMP
1 0 0 0 -1 0 -1 0 0 1 1 0 1 -1 -1 0 -1 -1 0 0 1 0 1 1 1 ; CGLMP
1 0 0 0 -1 0 0 -1 -1 -1 -1 -1 -1 1 1 1 1 0 0 1 1 0 0 1 1 ; CHSH
1 0 0 0 -1 0 0 -1 -1 -1 -1 0 0 1 1 0 0 0 0 1 1 0 0 1 1 ; CHSH
1 0 0 0 -1 0 0 -1 -1 -1 0 -1 0 1 1 1 1 0 0 1 0 0 0 1 1 ; CHSH
1 0 0 0 -1 0 0 -1 -1 -1 0 0 0 1 1 0 0 0 0 1 0 0 0 1 1 ; CHSH
1 0 0 0 -1 0 0 -1 -1 0 -1 0 -1 1 1 1 1 0 0 0 1 0 0 1 1 ; CHSH
1 0 0 0 -1 0 0 -1 -1 0 -1 0 0 1 1 0 0 0 0 0 1 0 0 1 1 ; CHSH
1 0 0 0 -1 0 0 -1 -1 0 0 -1 -1 0 0 1 1 0 0 1 1 0 0 1 1 ; CHSH
1 0 0 0 -1 0 0 -1 -1 0 0 -1 0 0 0 1 1 0 0 1 0 0 0 1 1 ; CHSH
1 0 0 0 -1 0 0 -1 -1 0 0 0 -1 0 0 1 1 0 0 0 1 0 0 1 1 ; CHSH
1 0 0 0 -1 0 0 -1 0 -1 -1 -1 -1 1 0 1 0 0 0 1 1 0 0 1 0 ; CHSH
1 0 0 0 -1 0 0 -1 0 -1 -1 -1 0 1 1 1 0 1 0 1 1 0 -1 1 0 ; CGLMP
1 0 0 0 -1 0 0 -1 0 -1 -1 0 -1 1 1 1 0 0 1 1 1 0 -1 1 0 ; CGLMP
1 0 0 0 -1 0 0 -1 0 -1 -1 0 0 1 0 0 0 0 0 1 1 0 0 1 0 ; CHSH
1 0 0 0 -1 0 0 -1 0 -1 0 -1 -1 1 0 1 1 1 0 1 1 0 -1 1 0 ; CGLMP
1 0 0 0 -1 0 0 -1 0 -1 0 -1 0 1 0 1 0 0 0 1 0 0 0 1 0 ; CHSH
1 0 0 0 -1 0 0 -1 0 -1 0 0 0 1 0 0 0 0 0 1 0 0 0 1 0 ; CHSH
1 0 0 0 -1 0 0 -1 0 -1 0 0 1 1 0 0 -1 0 -1 1 0 1 0 1 1 ; CGLMP
1 0 0 0 -1 0 0 -1 0 0 -1 -1 -1 1 0 1 1 0 1 1 1 0 -1 1 0 ; CGLMP
1 0 0 0 -1 0 0 -1 0 0 -1 0 -1 1 0 1 0 0 0 0 1 0 0 1 0 ; CHSH
1 0 0 0 -1 0 0 -1 0 0 -1 0 0 1 0 0 0 0 0 0 1 0 0 1 0 ; CHSH
1 0 0 0 -1 0 0 -1 0 0 -1 1 0 1 0 0 -1 -1 0 0 1 1 0 1 1 ; CGLMP
1 0 0 0 -1 0 0 -1 0 0 0 -1 -1 0 0 1 0 0 0 1 1 0 0 1 0 ; CHSH
1 0 0 0 -1 0 0 -1 0 0 0 -1 0 0 0 1 0 0 0 1 0 0 0 1 0 ; CHSH
1 0 0 0 -1 0 0 -1 0 0 0 0 -1 0 0 1 0 0 0 0 1 0 0 1 0 ; CHSH
1 0 0 0 -1 0 0 -1 0 0 1 -1 0 0 -1 1 0 0 -1 1 0 1 0 1 1 ; CGLMP
1 0 0 0 -1 0 0 -1 0 1 0 0 -1 0 -1 1 0 -1 0 0 1 1 0 1 1 ; CGLMP
1 0 0 0 -1 0 0 0 -1 -1 -1 -1 -1 0 1 0 1 0 0 1 1 0 0 0 1 ; CHSH
1 0 0 0 -1 0 0 0 -1 -1 -1 -1 0 1 1 0 1 1 0 1 1 -1 0 0 1 ; CGLMP
1 0 0 0 -1 0 0 0 -1 -1 -1 0 -1 1 1 0 1 0 1 1 1 -1 0 0 1 ; CGLMP
1 0 0 0 -1 0 0 0 -1 -1 -1 0 0 0 1 0 0 0 0 1 1 0 0 0 1 ; CHSH
1 0 0 0 -1 0 0 0 -1 -1 0 -1 -1 0 1 1 1 1 0 1 1 -1 0 0 1 ; CGLMP
1 0 0 0 -1 0 0 0 -1 -1 0 -1 0 0 1 0 1 0 0 1 0 0 0 0 1 ; CHSH
1 0 0 0 -1 0 0 0 -1 -1 0 0 0 0 1 0 0 0 0 1 0 0 0 0 1 ; CHSH
1 0 0 0 -1 0 0 0 -1 -1 0 0 1 0 1 -1 0 0 -1 1 0 0 1 1 1 ; CGLMP
1 0 0 0 -1 0 0 0 -1 0 -1 -1 -1 0 1 1 1 0 1 1 1 -1 0 0 1 ; CGLMP
1 0 0 0 -1 0 0 0 -1 0 -1 0 -1 0 1 0 1 0 0 0 1 0 0 0 1 ; CHSH
1 0 0 0 -1 0 0 0 -1 0 -1 0 0 0 1 0 0 0 0 0 1 0 0 0 1 ; CHSH
1 0 0 0 -1 0 0 0 -1 0 -1 1 0 0 1 -1 0 -1 0 0 1 0 1 1 1 ; CGLMP
1 0 0 0 -1 0 0 0 -1 0 0 -1 -1 0 0 0 1 0 0 1 1 0 0 0 1 ; CHSH
1 0 0 0 -1 0 0 0 -1 0 0 -1 0 0 0 0 1 0 0 1 0 0 0 0 1 ; CHSH
1 0 0 0 -1 0 0 0 -1 0 0 0 -1 0 0 0 1 0 0 0 1 0 0 0 1 ; CHSH
1 0 0 0 -1 0 0 0 -1 0 1 -1 0 -1 0 0 1 0 -1 1 0 0 1 1 1 ; CGLMP
1 0 0 0 -1 0 0 0 -1 1 0 0 -1 -1 0 0 1 -1 0 0 1 0 1 1 1 ; CGLMP
1 0 0 0 -1 0 1 -1 -1 -1 -1 0 -1 1 1 0 1 0 -1 1 0 1 0 1 1 ; CGLMP
1 0 0 0 -1 0 1 -1 -1 -1 -1 0 -1 1 1 1 0 0 -1 1 0 0 1 1 1 ; CGLMP
1 0 0 0 -1 0 1 -1 -1 0 -1 -1 -1 0 1 1 1 0 -1 1 0 1 0 1 1 ; CGLMP
1 0 0 0 -1 0 1 -1 -1 0 -1 -1 -1 1 0 1 1 0 -1 1 0 0 1 1 1 ; CGLMP
1 0 0 0 -1 1 0 -1 -1 -1 -1 -1 0 1 1 0 1 -1 0 0 1 1 0 1 1 ; CGLMP
1 0 0 0 -1 1 0 -1 -1 -1 -1 -1 0 1 1 1 0 -1 0 0 1 0 1 1 1 ; CGLMP
1 0 0 0 -1 1 0 -1 -1 -1 0 -1 -1 0 1 1 1 -1 0 0 1 1 0 1 1 ; CGLMP
1 0 0 0 -1 1 0 -1 -1 -1 0 -1 -1 1 0 1 1 -1 0 0 1 0 1 1 1 ; CGLMP
1 0 1 -1 -1 -1 0 0 0 1 0 0 -1 -1 0 -1 -1 1 0 1 1 1 1 1 0 ; CGLMP
1 0 1 -1 -1 -1 0 0 0 1 0 0 -1 -1 0 -1 -1 1 1 1 0 1 0 1 1 ; CGLMP
1 0 1 -1 -1 -1 0 0 0 1 0 0 -1 0 -1 -1 -1 1 0 1 1 1 1 0 1 ; CGLMP
1 0 1 -1 -1 -1 0 0 0 1 0 0 -1 0 -1 -1 -1 1 1 1 0 0 1 1 1 ; CGLMP
1 0 1 -1 -1 0 -1 0 0 0 1 -1 0 -1 0 -1 -1 0 1 1 1 1 1 1 0 ; CGLMP
1 0 1 -1 -1 0 -1 0 0 0 1 -1 0 -1 0 -1 -1 1 1 0 1 1 0 1 1 ; CGLMP
1 0 1 -1 -1 0 -1 0 0 0 1 -1 0 0 -1 -1 -1 0 1 1 1 1 1 0 1 ; CGLMP
1 0 1 -1 -1 0 -1 0 0 0 1 -1 0 0 -1 -1 -1 1 1 0 1 0 1 1 1 ; CGLMP
1 0 1 -1 -1 0 0 -1 0 -1 0 -1 -1 1 0 0 -1 1 0 1 1 1 1 1 0 ; CGLMP
1 0 1 -1 -1 0 0 -1 0 -1 0 -1 -1 1 0 0 -1 1 1 1 0 1 0 1 1 ; CGLMP
1 0 1 -1 -1 0 0 -1 0 0 -1 -1 -1 1 0 0 -1 0 1 1 1 1 1 1 0 ; CGLMP
1 0 1 -1 -1 0 0 -1 0 0 -1 -1 -1 1 0 0 -1 1 1 0 1 1 0 1 1 ; CGLMP
1 0 1 -1 -1 0 0 0 -1 -1 0 -1 -1 0 1 -1 0 1 0 1 1 1 1 0 1 ; CGLMP
1 0 1 -1 -1 0 0 0 -1 -1 0 -1 -1 0 1 -1 0 1 1 1 0 0 1 1 1 ; CGLMP
1 0 1 -1 -1 0 0 0 -1 0 -1 -1 -1 0 1 -1 0 0 1 1 1 1 1 0 1 ; CGLMP
1 0 1 -1 -1 0 0 0 -1 0 -1 -1 -1 0 1 -1 0 1 1 0 1 0 1 1 1 ; CGLMP
1 1 0 -1 -1 -1 0 0 0 0 -1 1 0 -1 -1 -1 0 1 0 1 1 1 1 1 0 ; CGLMP
1 1 0 -1 -1 -1 0 0 0 0 -1 1 0 -1 -1 -1 0 1 1 1 0 1 0 1 1 ; CGLMP
1 1 0 -1 -1 -1 0 0 0 0 -1 1 0 -1 -1 0 -1 1 0 1 1 1 1 0 1 ; CGLMP
1 1 0 -1 -1 -1 0 0 0 0 -1 1 0 -1 -1 0 -1 1 1 1 0 0 1 1 1 ; CGLMP
1 1 0 -1 -1 0 -1 0 0 -1 0 0 1 -1 -1 -1 0 0 1 1 1 1 1 1 0 ; CGLMP
1 1 0 -1 -1 0 -1 0 0 -1 0 0 1 -1 -1 -1 0 1 1 0 1 1 0 1 1 ; CGLMP
1 1 0 -1 -1 0 -1 0 0 -1 0 0 1 -1 -1 0 -1 0 1 1 1 1 1 0 1 ; CGLMP
1 1 0 -1 -1 0 -1 0 0 -1 0 0 1 -1 -1 0 -1 1 1 0 1 0 1 1 1 ; CGLMP
1 1 0 -1 -1 0 0 -1 0 -1 -1 -1 0 0 -1 1 0 1 0 1 1 1 1 1 0 ; CGLMP
1 1 0 -1 -1 0 0 -1 0 -1 -1 -1 0 0 -1 1 0 1 1 1 0 1 0 1 1 ; CGLMP
1 1 0 -1 -1 0 0 -1 0 -1 -1 0 -1 0 -1 1 0 0 1 1 1 1 1 1 0 ; CGLMP
1 1 0 -1 -1 0 0 -1 0 -1 -1 0 -1 0 -1 1 0 1 1 0 1 1 0 1 1 ; CGLMP
1 1 0 -1 -1 0 0 0 -1 -1 -1 -1 0 -1 0 0 1 1 0 1 1 1 1 0 1 ; CGLMP
1 1 0 -1 -1 0 0 0 -1 -1 -1 -1 0 -1 0 0 1 1 1 1 0 0 1 1 1 ; CGLMP
1 1 0 -1 -1 0 0 0 -1 -1 -1 0 -1 -1 0 0 1 0 1 1 1 1 1 0 1 ; CGLMP
1 1 0 -1 -1 0 0 0 -1 -1 -1 0 -1 -1 0 0 1 1 1 0 1 0 1 1 1 ; CGLMP
2 -1 -1 -1 -1 -1 -1 -1 -1 0 1 1 1 1 1 0 1 1 0 1 1 1 1 1 0 ; CGLMP
2 -1 -1 -1 -1 -1 -1 -1 -1 0 1 1 1 1 1 0 1 1 1 1 0 1 0 1 1 ; CGLMP
2 -1 -1 -1 -1 -1 -1 -1 -1 0 1 1 1 1 1 1 0 1 0 1 1 1 1 0 1 ; CGLMP
2 -1 -1 -1 -1 -1 -1 -1 -1 0 1 1 1 1 1 1 0 1 1 1 0 0 1 1 1 ; CGLMP
2 -1 -1 -1 -1 -1 -1 -1 -1 1 0 1 1 1 1 0 1 0 1 1 1 1 1 1 0 ; CGLMP
2 -1 -1 -1 -1 -1 -1 -1 -1 1 0 1 1 1 1 0 1 1 1 0 1 1 0 1 1 ; CGLMP
2 -1 -1 -1 -1 -1 -1 -1 -1 1 0 1 1 1 1 1 0 0 1 1 1 1 1 0 1 ; CGLMP
2 -1 -1 -1 -1 -1 -1 -1 -1 1 0 1 1 1 1 1 0 1 1 0 1 0 1 1 1 ; CGLMP
2 -1 -1 -1 -1 -1 -1 -1 -1 1 1 0 1 0 1 1 1 1 0 1 1 1 1 1 0 ; CGLMP
2 -1 -1 -1 -1 -1 -1 -1 -1 1 1 0 1 0 1 1 1 1 1 1 0 1 0 1 1 ; CGLMP
2 -1 -1 -1 -1 -1 -1 -1 -1 1 1 0 1 1 0 1 1 1 0 1 1 1 1 0 1 ; CGLMP
2 -1 -1 -1 -1 -1 -1 -1 -1 1 1 0 1 1 0 1 1 1 1 1 0 0 1 1 1 ; CGLMP
2 -1 -1 -1 -1 -1 -1 -1 -1 1 1 1 0 0 1 1 1 0 1 1 1 1 1 1 0 ; CGLMP
2 -1 -1 -1 -1 -1 -1 -1 -1 1 1 1 0 0 1 1 1 1 1 0 1 1 0 1 1 ; CGLMP
2 -1 -1 -1 -1 -1 -1 -1 -1 1 1 1 0 1 0 1 1 0 1 1 1 1 1 0 1 ; CGLMP
2 -1 -1 -1 -1 -1 -1 -1 -1 1 1 1 0 1 0 1 1 1 1 0 1 0 1 1 1 ; CGLMP
